coulomb,turbulent,volume
0.249994473,1124.163175,1.420407772
0.235506897,1622.202187,1.857233346
0.23351819,1599.728373,1.485388528
0.147536359,304.3173793,1.089644561
0.193435325,1931.240742,1.358403987
0.126800435,923.2832766,1.389531608
0.24800203,1588.826055,1.314201105
0.139731066,1550.753941,1.83057085
0.104899544,743.1902847,1.693040685
0.221482634,1085.400928,2.062873132
0.19184847,798.0848239,1.676241699
0.130622282,549.6225899,1.839919253
0.215179149,1166.101241,0.899816382
0.103204286,1501.167653,0.763186096
0.059709328,1317.581585,1.114603019
0.160088428,1192.746261,1.009903003
0.038114656,1491.519058,1.670392466
0.245047987,975.0942439,1.696933468
0.204678914,415.9594801,1.021541963
0.062030991,877.794634,0.987817459
0.16336927,626.2200521,1.545148601
0.107633228,2166.19018,1.945162553
0.107944292,1030.756072,1.150749523
0.134400571,989.5098508,1.785838845
0.142833647,1046.754995,1.360263429
0.217013305,1107.700468,1.405053933
0.105467162,963.5445935,1.475074875
0.184524629,266.5413515,1.216501093
0.117737608,775.0455011,1.391261907
0.122917568,508.3459396,0.894413595
0.028751557,1408.857583,1.41871116
0.073984616,1725.016562,0.987173047
0.140908232,1758.627753,2.066678618
0.046040428,1066.970229,1.580597451
0.153827765,957.9495156,1.407136164
0.256632672,441.9890326,2.136469228
0.177593984,306.3312333,1.805052284
0.147299632,1992.137704,0.883485288
0.12558306,617.487039,1.305193564
0.192160942,729.2448005,2.026547188
0.078732203,1386.88546,1.159149547
0.213365293,1461.263218,1.422405941
0.200808674,1055.483897,1.733217365
0.12798026,362.1304704,2.139292199
0.160170549,787.577308,1.187866497
0.067474211,2186.806597,1.194909462
0.031558927,1263.386227,1.620433763
0.205640611,1115.659116,1.361704019
0.146710317,1736.766748,1.529534875
0.192573408,1109.948483,1.254672331
0.205819164,1365.466534,1.127508311
0.236081025,926.1886205,1.228419246
0.228592782,2138.785697,1.625359309
0.126225279,466.2598555,1.194980387
0.084813654,1001.113765,1.714375484
0.054700387,1678.887115,1.717061191
0.127397714,1911.448712,0.929918125
0.113550856,574.3834959,0.953584118
0.128790507,1366.412918,1.606822086
0.045899413,2172.59684,1.528264525
0.22124792,1699.203589,1.395794958
0.280977016,1197.705297,1.838130175
0.167926279,888.8712772,0.962460194
0.157126206,1764.76784,1.08547395
0.150319191,405.8694978,1.785927991
0.264632122,2010.79858,2.015327155
0.131727977,1248.031446,0.813350257
0.13060394,1934.550084,1.192654543
0.218620003,1694.286743,1.435149472
0.131814216,845.4250822,1.961545886
0.074923407,1291.571235,1.224718454
0.277910494,1539.429383,1.704053284
0.144576126,2057.287782,1.858903622
0.10915656,902.7621678,1.310768074
0.208977454,1540.045602,1.838653612
0.114196592,366.1075276,1.153674873
0.182233131,676.7283551,1.382709891
0.066587014,1145.222317,1.524260468
0.221006921,1789.072871,0.770983822
0.173147347,1814.024483,1.39153066
0.095106388,1911.302485,1.872795984
0.247333516,1326.297795,1.353126326
0.086054978,2065.925408,1.464227588
0.126702237,933.9969819,1.169492243
0.136345804,1979.046736,0.932562583
0.098231136,857.8504257,1.806912343
0.296729683,1975.165004,0.92337426
0.154794594,138.3054772,1.839921648
0.288987744,208.5636279,0.873828945
0.200077085,269.2160695,1.41410169
0.207438778,1036.037633,2.070678009
0.157942794,777.5952409,1.894793341
0.125293381,2169.251431,1.418926047
0.050711045,906.1412004,1.601551423
0.079651042,1458.06874,1.107625447
0.160390756,1310.63245,0.926571214
0.094940459,219.1458117,1.353486519
0.071448442,1349.900848,0.806742593
0.082620843,1177.305941,1.142924456
0.17851969,907.1358654,1.699868771
0.130719538,1834.308332,0.904073492
0.183253332,641.2114982,1.580932639
0.156181586,181.4006285,1.328733785
0.254417093,1541.804956,1.534565304
0.064614685,1822.306475,1.488708424
0.1238581,2094.166222,0.880971898
0.184268877,1886.999017,1.863191521
0.135438219,909.4095905,1.68627704
0.15473344,747.329755,1.81672551
0.142010023,507.6426799,1.149183864
0.224979635,861.7463721,1.066205219
0.062770877,1137.028789,1.934087339
0.140199226,1058.056515,0.983942772
0.232034771,578.3386632,2.040063276
0.224456183,881.1294618,2.039468945
0.199063736,1655.237126,1.32826959
0.197517741,1366.335399,0.887095163
0.09470715,899.2385192,2.079768802
0.202264617,1461.760029,1.334141877
0.069061292,289.4393862,1.272055879
0.217160749,1008.279568,1.203033105
0.269011543,443.9675108,1.065967029
0.103733338,1561.660951,1.765093873
0.132761206,1559.994087,0.960129231
0.15708779,233.8603766,2.039019643
0.216386638,1340.311401,2.131050471
0.134202373,380.1895731,1.924719716
0.10135105,1271.271677,0.716772759
0.246228026,460.5897301,1.587112117
0.171446962,537.1936976,1.125105638
0.076736285,1685.079135,1.377980713
0.21240416,974.9074186,0.925381145
0.285469179,1895.634453,1.261881084
0.13489657,2104.430255,1.52576242
0.247671095,1431.37105,0.874300228
0.299484748,1104.927311,0.733503485
0.165652786,276.8052709,2.050465787
0.200125471,946.0007355,1.082284916
0.234903516,539.1151778,0.727584256
0.19393983,890.4947487,2.094360714
0.144110335,1837.039335,1.786810009
0.225369888,768.2067369,1.423922638
0.20957418,413.2877234,1.34302889
0.174059332,2123.344932,1.891767026
0.132825842,192.7603324,2.097057861
0.273346147,1113.935553,0.729673927
0.24697202,1230.11304,1.155429178
0.092601899,1375.062671,2.070226106
0.053179303,1378.921,1.352103849
0.214059513,696.5561872,1.369717785
0.270582721,1246.881844,2.021404719
0.142328432,558.0997985,1.424177205
0.073047295,100.0022677,2.144621774
0.159051057,805.213673,1.304589242
0.125921493,1723.078796,1.953005067
0.021869552,1353.204135,1.952398585
0.026906503,1432.387993,1.307376272
0.236903245,1318.95033,1.489995544
0.172604844,1686.698519,1.648825045
0.134033895,607.0282182,0.883622761
0.083697659,921.1474413,1.209168583
0.223687417,1717.196298,0.86311533
0.155514366,173.1477424,1.598006422
0.150472746,2169.183391,1.67789027
0.110156017,897.274681,1.070207499
0.174882811,1251.440234,2.087747316
0.185614138,939.1548042,0.758522313
0.210776235,1114.069123,1.562911913
0.248291281,2157.420481,0.749067415
0.291526437,651.6282206,1.62270817
0.10728704,1529.805486,1.422508919
0.117907802,263.693524,1.571133886
0.181153804,506.727278,1.898082317
0.077367981,1529.040862,1.60228585
0.217222076,610.3722525,1.500273471
0.122974446,305.3927602,1.541323538
0.069286667,1392.267779,0.77001772
0.079435011,1041.05226,2.100684357
0.1875128,1618.061659,2.087384158
0.130595939,612.652392,1.402186318
0.21408896,1648.200784,1.600385318
0.255495333,1083.072604,1.807798726
0.177153719,1072.691518,1.552652518
0.237178622,1385.047876,1.098030238
0.219125014,952.1949581,1.758407747
0.230248821,598.8832443,0.92661509
0.197092692,1192.997541,1.083425255
0.219912866,1416.934884,1.524665048
0.094763148,1126.91349,1.991494556
0.21411622,872.4747978,0.952914757
0.201024106,1753.123209,1.518677645
0.134936569,643.6143302,1.131790586
0.248954548,649.3028607,1.582883815
0.165551652,193.9769096,2.012561426
0.043922883,1351.773095,1.307024399
0.222800512,1588.866496,1.643083072
0.059811526,569.5353422,1.969996095
0.055331719,1453.335556,1.049985665
0.128129919,695.997566,1.267218946
0.230174787,1410.896577,1.26555567
0.229600442,2102.202147,1.427439847
0.197639156,1309.975723,0.731821494
0.219366542,1234.854707,1.779538213
0.172148483,1174.149284,1.591970375
0.139903363,1847.411388,0.98288321
0.269129536,1801.031751,0.877589515
0.228441538,678.521202,1.343500424
0.180395859,2138.382644,0.745682834
0.155190465,1593.949625,1.331158999
0.191447514,1278.92568,1.448856061
0.110162987,1875.655394,1.141465785
0.216897117,955.8275854,1.42544935
0.245110492,709.1954342,1.705517412
0.140140232,1255.560632,1.721887643
0.080470042,525.8781355,1.397243531
0.206086848,1192.452556,1.937457029
0.214164311,695.8647435,1.098538115
0.151611835,202.4856248,1.360731542
0.124811389,736.8559151,1.034908121
0.259639134,426.1202232,1.277784711
0.283386063,596.8396125,0.807519452
0.105256208,1544.16952,1.710884537
0.055568326,1849.710606,2.001344597
0.120943799,630.2037636,1.152460413
0.140966758,447.2388375,1.515633248
0.14940003,1130.631254,0.986414285
0.103250923,1651.081113,1.507278822
0.124854187,934.0410711,1.072967245
0.199729006,2024.506539,2.139473749
0.259689803,960.3262867,2.036550815
0.158973759,974.4473676,1.013703162
0.25746443,115.1376119,1.211293044
0.232595553,1037.306786,1.283916531
0.264359766,1262.706747,1.189030093
0.136707189,1596.299159,1.643739553
0.118624036,2160.408989,1.547796402
0.15562525,1454.15867,1.711049917
0.154192552,979.6436624,1.957780521
0.227824113,1218.335884,1.777289012
0.136694016,200.0365939,1.481471732
0.265175702,649.7365762,1.071758895
0.208596444,1144.226186,1.629136495
0.055016097,904.7453263,0.768694559
0.085715366,736.6321537,1.135009952
0.159546569,1514.233129,1.067426566
0.09143931,2079.296357,2.143608347
0.215747669,2127.483137,0.731936767
0.209946639,1185.271329,1.352648733
0.192635532,1790.710273,1.412613696
0.155679792,765.8152928,1.751198498
0.12753398,1515.287808,1.676333854
0.285405845,1279.539335,0.771553969
0.074098207,832.3939858,1.854770363
0.117817967,1921.561544,1.606592754
0.175670463,1141.076156,1.218934633
0.246941502,948.3565869,1.958061843
0.155326841,376.1575801,1.680384173
0.108927628,1796.525604,0.83934315
0.093925546,1013.389146,1.005746229
0.220814213,1148.530394,1.404628916
0.070933003,692.2690117,1.367903768
0.075227449,227.5204885,1.998607077
0.132763613,476.5320352,0.838139026
0.178336963,681.379072,0.720693012
0.055506523,325.3224814,0.81420088
0.047559564,1063.37988,1.149891051
0.180165546,987.4437983,2.053250011
0.21760729,1757.240021,1.606347475
0.249149013,1105.98219,2.099974339
0.103286961,719.5092312,1.844471509
0.155832043,787.5561252,0.788791377
0.125599253,1203.647176,2.02845742
0.223713825,1207.444441,1.959663183
0.283750507,1252.879559,1.22969664
0.098616098,818.5675619,0.776963219
0.106609456,1773.460429,1.519947455
0.120460048,1535.013206,1.180341141
0.263405499,1887.443994,2.133004181
0.175435983,830.7391552,1.628893477
0.237119583,1576.545624,1.458747301
0.178684846,995.3043353,0.960481741
0.165067663,1181.324182,1.608858676
0.169922844,842.2273977,1.617073535
0.138009568,1485.26861,1.792404705
0.093819756,1696.659799,1.241420597
0.113522295,2148.641244,1.308364472
0.084960597,986.3586456,1.010263039
0.124485486,1184.49803,1.490878791
0.220671802,1460.30622,1.988079715
0.170573733,686.0524526,1.753734661
0.193011317,917.9219218,1.154128793
0.24761502,1920.776025,1.513914371
0.08704593,1638.774996,0.769475896
0.231486497,608.9194008,1.817889699
0.138983589,454.1684208,1.578405713
0.158880472,1014.759517,1.297163844
0.069140081,692.1528082,1.147340274
0.167337923,1012.750907,1.101234948
0.163297483,1746.950536,1.85275234
0.119762448,1512.714249,1.771788689
0.185169936,1610.90419,1.78001817
0.298044885,1208.898895,0.723276654
0.123164703,1286.655358,1.239111559
0.146435674,1532.29966,0.876705545
0.244013507,970.5339666,1.499030214
0.197554725,1004.464575,1.69627826
0.021379207,1495.752593,1.676621625
0.157177519,789.9551136,0.819124614
0.161017587,647.7661734,1.677445004
0.14580898,1679.824121,1.647476192
0.21547094,1337.146346,1.724164532
0.124135527,685.3054308,1.370231755
0.286833942,1208.108033,1.538513744
0.116285227,846.5865373,1.331851963
0.032847087,1859.609895,1.191814329
0.236422189,1329.877506,1.504320091
0.219849233,1724.402515,0.907519039
0.196538928,1129.40612,1.080843022
0.142354671,516.8046175,1.477444857
0.206682075,854.8186634,0.850212681
0.029654408,1477.120781,1.670988848
0.143094195,833.11869,1.616986568
0.131096926,1604.65823,1.943695018
0.120574574,728.4949426,1.54601017
0.198943707,1701.337981,1.559299338
0.039153195,1952.472834,0.924769888
0.226235068,2131.959606,0.874116745
0.219356653,2076.311198,1.594809412
0.23706134,1548.596456,1.073002493
0.251102451,2002.349219,2.130705026
0.171868023,1603.622535,1.831228153
0.131900015,980.7239575,1.613246672
0.160409082,1604.839239,1.02875486
0.177106096,1711.822532,1.264340651
0.115805299,1653.724192,1.642134325
0.112222236,1059.607928,1.563876503
0.037198501,848.3894925,1.418734392
0.034548226,1419.014713,0.953834533
0.184886589,1231.966827,1.16419114
0.099400928,1560.599188,1.848271395
0.148262088,2016.514522,1.231854627
0.118079399,1353.693468,1.380681067
0.149348455,1099.355504,2.089136875
0.162515141,1931.385085,1.513262309
0.173944524,1119.248767,1.127873248
0.176632924,1720.930678,2.014722248
0.239680447,2146.327956,1.687642097
0.172458107,2042.853477,1.386126154
0.079342499,636.5850739,0.963367531
0.045297374,1965.456003,1.006777864
0.073686817,1827.632514,2.054635586
0.234493305,1739.191706,1.87089014
0.208655207,636.5872666,1.755657494
0.081867144,812.4313736,1.025302824
0.211491277,1013.548413,1.218218134
0.22907223,1767.95679,1.284609517
0.125310893,1045.221324,1.12334767
0.126031231,371.5536861,1.291238017
0.121709801,1830.62151,2.008693101
0.164265421,478.7758112,1.663518712
0.134337358,640.5785981,1.540315171
0.206349078,1104.479075,2.039717627
0.182923121,1809.881417,1.531924031
0.219932206,335.8385686,1.351534014
0.18432256,946.4426372,0.822510377
0.085981499,1085.846507,0.740892151
0.146968086,1644.605832,1.444958723
0.170980996,2069.359491,1.352308592
0.158276686,1693.55977,0.781520289
0.110740169,1352.891557,1.09166506
0.19376451,469.4534863,1.157235298
0.043226736,1176.319604,1.755958578
0.16460527,782.7510344,1.261104176
0.158762728,2156.851953,1.936211858
0.278481546,1927.910549,1.19575019
0.158452804,783.1076073,1.788762036
0.155340261,789.9253528,0.791451535
0.210659095,2097.713589,1.791946549
0.227637393,1418.667253,1.144128574
0.096069841,1727.433987,1.208627077
0.201541592,1117.886289,1.930635009
0.193377888,968.6153678,2.02309318
0.263301763,790.5646377,0.805394924
0.093007628,738.4422462,1.700371806
0.023752383,551.1390203,1.982414233
0.10037437,870.2788901,1.179223757
0.243448307,975.2934252,1.659745781
0.032787303,799.2550516,1.207690708
0.046627682,1501.199081,1.604928891
0.264317186,957.6460677,1.156669435
0.126306543,598.9457411,1.610367277
0.06568965,1434.966138,1.304763717
0.221978715,1867.569166,1.133988802
0.125622565,1123.247996,0.960448457
0.288206726,1113.388572,2.054080586
0.190270038,1964.020697,1.282336842
0.19979132,590.0119065,1.364358114
0.115681864,1008.688244,0.963173504
0.137196571,977.3010127,0.974747722
0.06327087,378.8957049,1.399273626
0.088686019,369.4545743,1.013835961
0.293447609,1774.30243,1.831190283
0.134899739,757.8362591,1.469289772
0.204080795,1868.05189,1.467420629
0.153680819,296.7983556,1.226600327
0.087918098,244.9401604,0.953486509
0.201770278,610.2897623,1.354859691
0.128029479,1889.853284,1.314827245
0.246818387,1569.653369,1.217790275
0.156006511,654.1140743,1.075433361
0.048326543,905.9831048,1.170740671
0.041775725,1684.315005,1.225777211
0.050710988,1394.315408,0.732962741
0.255437735,1403.551787,1.124766147
0.097818304,1384.521015,1.969194518
0.144517773,613.4233286,1.654195883
0.286665737,1671.035776,1.719218267
0.166055795,1759.206272,2.088527635
0.114636238,1897.039329,1.295751254
0.095347049,801.1019724,1.494226715
0.040522278,519.1474774,1.411159569
0.09770041,1876.849064,1.652537392
0.151547384,1266.40395,1.990772468
0.257782608,1050.133062,1.907433445
0.116172944,622.4708469,1.744967719
0.129202515,1634.3658,2.114359674
0.127149455,1207.964759,2.091261076
0.276767617,921.8155429,1.086111979
0.134702469,1845.75227,0.892865856
0.126027433,920.485456,1.474870435
0.214454229,2052.417512,2.01289726
0.058298566,2015.188634,2.009802764
0.165166158,1922.830884,1.819998805
0.147674797,815.1593002,2.066797461
0.211430795,1319.269295,1.94690548
0.175400376,1361.277791,1.350806372
0.077072511,1295.239919,2.092542523
0.139653078,1477.109298,1.909894436
0.084030057,1158.917487,1.598493201
0.135064867,1268.305708,0.963745362
0.174530444,1110.151624,1.221162783
0.209850582,1307.517166,1.789746388
0.154392773,661.6930779,1.544314165
0.163743171,1834.23319,0.791873686
0.098776696,1716.101894,2.088408641
0.136836428,869.6813427,1.237367838
0.248497403,1183.708368,1.61719785
0.297631784,970.1529799,1.358835753
0.173376358,1412.549274,1.072872477
0.178155198,742.5359548,1.685096976
0.132462138,748.9823585,1.851156024
0.221676306,1201.1801,1.361175003
0.054742019,692.5204592,1.777384622
0.235782386,385.9694386,1.52290106
0.160793231,1670.353103,1.706383005
0.106340398,934.7608693,2.144673341
0.168171481,2002.692643,1.832994857
0.215349941,1166.105771,1.313827672
0.102317196,412.9476219,1.272440244
0.133313283,1153.550346,1.608536589
0.195805433,1009.114686,1.37727369
0.249843961,2058.931457,0.83925129
0.234418459,1768.824283,1.217006241
0.085433141,1939.824137,1.101886163
0.116881086,404.0018159,1.568207176
0.17516873,585.5872219,1.375936359
0.232059341,318.4897482,1.3808224
0.173387688,1445.606727,1.52178262
0.215064821,1193.890565,0.832350273
0.146253177,382.9730112,1.533357475
0.112901427,1083.654035,0.916214458
0.160264021,1717.732771,2.114712722
0.145976488,1170.214011,0.954580918
0.094745055,1220.079487,1.478793504
0.112801308,1469.293463,1.292420471
0.104949965,1197.551721,1.552393132
0.224443738,1027.9845,0.821660548
0.161877253,1751.985316,1.06941412
0.159762384,2062.444363,0.720851433
0.164801804,1528.013349,1.265094704
0.219654294,1461.119795,0.834026097
0.170784949,986.4578942,1.766146399
0.071486193,1088.002383,1.467970221
0.144338739,923.8974775,1.367462904
0.144535048,786.4296646,1.165874266
0.10139265,682.3594709,1.852830571
0.117430125,1995.33128,1.522248982
0.161249501,1800.996358,1.378009904
0.124502808,1299.545073,1.441552713
0.082889239,2102.951884,1.270852801
0.038514005,382.0394629,1.811142632
0.271460891,1797.810989,1.423866709
0.235226944,1603.016735,1.494250428
0.10449255,1069.691946,1.103901614
0.140218629,2101.091361,1.792176565
0.232804269,2159.826304,1.522958533
0.181277358,1771.02201,1.438708097
0.19073762,843.5406122,0.843055854
0.156267603,826.3844595,1.995413955
0.10819466,701.4813205,0.786507961
0.250283549,929.2995898,1.007211101
0.214879784,731.5991738,1.648297189
0.180612497,1796.860984,1.20996378
0.151970283,1799.543028,1.065992549
0.145953248,850.2733346,1.273695874
0.11576977,897.8567227,1.025583708
0.297436782,636.7168071,1.842650883
0.079011492,872.8353964,1.798166518
0.287537797,729.7498713,1.404584916
0.234886439,1370.330902,1.21595797
0.130412312,1586.881456,1.573616988
0.123621099,620.6568497,1.354881614
0.214273536,1216.937246,1.098119802
0.068312515,1282.968809,1.448216224
0.270330367,1008.404666,1.428330253
0.147434048,804.585422,1.314574747
0.105296218,2106.212698,1.02268427
0.157163305,921.6891715,1.943750065
0.192777326,1454.608747,1.172000737
0.189943646,2091.471387,1.363554826
0.111434212,586.5391583,1.648538377
0.123925822,1353.786458,1.182131471
0.148313686,889.7640836,1.600191407
0.216579676,548.5570881,1.617545195
0.13365825,1074.974268,1.040113045
0.283520129,1373.441603,1.206583191
0.223266667,1258.436715,1.850388824
0.185692191,254.3842896,1.880507981
0.198426084,1463.465951,1.265428555
0.071974826,247.8746465,1.397386261
0.195996161,1432.19501,1.467957188
0.212375143,1455.775043,1.983834524
0.239450053,1750.018303,1.473401828
0.03860757,967.1148142,1.258257381
0.233493893,1283.581036,1.734301586
0.254933164,1825.136335,1.069819156
0.146558424,1367.123552,1.720617407
0.215704054,780.7331017,0.76068199
0.200137839,1111.450442,1.747078337
0.03824311,1213.032454,1.567355897
0.222483296,1123.257146,1.500568406
0.106100053,472.1822557,1.942902233
0.159031915,1874.42505,1.090484612
0.084582316,1587.38844,1.253034781
0.246309055,1519.635434,1.269042228
0.224537093,1430.707788,2.095374962
0.073079331,589.3153656,1.65612684
0.149304084,1411.408262,1.690963163
0.151870533,808.2222995,1.277420558
0.144213388,1882.36461,1.211945115
0.201761722,1818.513889,1.365520202
0.14297528,1803.579512,1.749001447
0.111631062,936.9139138,1.049893453
0.203721068,1592.132685,1.298281416
0.073777917,1574.991079,1.708811849
0.234660078,2188.501321,1.391543399
0.18655747,1069.912628,0.906030821
0.164380212,2037.618828,2.122543518
0.189629976,1174.127337,1.33695065
0.158884638,939.5274023,1.356695455
0.29281955,2044.169633,1.749334738
0.155288187,1267.148372,1.963995615
0.124324796,612.710506,1.775323115
0.178958444,379.8436154,1.355080812
0.077925814,2124.294886,1.40059772
0.192713947,1216.24545,1.305695312
0.092963327,1727.60731,2.088702385
0.148270168,424.736242,1.250447652
0.293356053,1565.330271,1.857236432
0.069185263,876.2705384,1.658044593
0.173111311,1700.653555,1.338135033
0.156259029,1772.474239,1.472163488
0.057471311,635.500652,1.98577205
0.221389938,1553.060048,1.817842014
0.052919634,1589.314583,1.14881715
0.216533917,1083.220346,1.08731911
0.163907192,1328.999228,1.428835146
0.296120095,2041.994806,1.201228786
0.050804736,1220.930683,1.00810626
0.026721454,1634.424482,1.708022529
0.116874823,254.6848471,0.951045983
0.233086034,708.8389184,2.090913764
0.064886427,1066.230269,0.812752178
0.116495298,214.502018,1.518686868
0.238488415,1099.930116,1.219072465
0.209086948,1925.980088,2.139243772
0.223994875,1962.695291,0.723859225
0.154943492,1691.712978,1.006378598
0.204095365,1978.502155,1.378859185
0.150947648,1642.475906,1.299121784
0.072979486,1909.580861,1.946203885
0.217560352,595.0685173,1.551184486
0.244827469,939.4211632,1.67527827
0.033105198,1899.186949,1.959561818
0.114311241,908.2810365,2.073478275
0.247256354,1120.083617,0.952222831
0.1280359,1399.486805,1.297740038
0.080503604,619.6141337,1.415828066
0.159140812,862.3637524,1.30192308
0.216203468,1159.378088,1.891291462
0.292417517,655.7096028,1.874046939
0.266866925,842.9449529,1.810314956
0.14771376,1060.151701,1.155356842
0.234500298,982.6007775,1.916853572
0.109858369,320.5753367,1.009236681
0.096620256,614.1747646,1.419329259
0.216416686,1315.510843,1.61646533
0.284706709,514.3122593,1.558874252
0.144520708,692.5874354,1.224533733
0.045115972,1654.479843,1.3566662
0.185804433,1088.196191,1.395102489
0.223181927,1024.704313,1.042136297
0.138033574,1165.883743,2.126288888
0.193204541,1521.933289,0.963736011
0.070404043,572.2714774,1.837806276
0.210730246,454.2293238,1.36546755
0.041727274,1373.031384,1.066392163
0.237352958,320.4774285,1.242867465
0.189521535,1306.465733,1.854368415
0.189759011,1406.435337,1.809223483
0.166184479,992.0830302,1.485894354
0.23764153,850.2389742,2.028665217
0.203257098,1098.672908,0.922086816
0.236175964,1422.931002,1.114961091
0.103009466,753.1758289,1.62835976
0.12953707,1791.601546,1.555402734
0.201005161,133.8580219,0.952120023
0.182156236,1398.381471,0.744001647
0.162194445,937.4789913,2.010415186
0.147035721,1199.763215,1.444170498
0.172013794,1427.675856,2.06394761
0.185273986,1281.237065,1.354396779
0.24840488,1488.513481,1.205469969
0.189308531,712.373504,1.154459562
0.099470818,1028.886604,1.973485796
0.080021242,607.3468982,1.408994155
0.0388398,219.0551511,1.154038957
0.074884392,1025.281203,0.831813735
0.21270189,1409.90434,2.004774076
0.176187057,270.3830356,1.189928888
0.143009101,1271.345864,1.75139013
0.201647974,1367.098103,0.985460293
0.114191158,1329.688163,0.925481672
0.201696279,1407.708089,1.070189014
0.197697727,1170.562596,1.180075234
0.281026594,732.1091262,1.254531262
0.263010396,955.2454368,1.864676324
0.233661393,2095.739152,0.797443842
0.07395427,877.3032199,1.382014192
0.169818123,1856.553982,1.011297719
0.065019719,1405.486047,0.892176098
0.176880914,1071.367554,1.4414827
0.214408447,1117.957914,1.074645819
0.093845827,983.3466075,1.079341858
0.238008812,1206.326667,1.076033135
0.109373531,1033.024964,1.726475194
0.141267103,198.3120366,0.835234915
0.140572642,831.0247608,1.052894772
0.216378852,610.1406691,2.058690552
0.100450636,2144.216867,0.848465529
0.024781361,2007.293066,1.935801282
0.082984514,461.4162295,1.431371765
0.216080656,1007.778796,1.427505875
0.141192603,1098.505885,1.575793376
0.138770773,1086.742075,1.278931499
0.22047586,1060.744836,1.250847204
0.027895716,138.2721593,1.150765226
0.217798576,1210.894216,1.711338094
0.028482925,773.4815929,1.368173792
0.104847083,1231.879071,1.047730589
0.27356712,1452.299101,1.174238247
0.243745774,942.6697681,1.255777682
0.186276638,1791.93927,1.147968559
0.157342951,1204.913187,1.066627153
0.125388428,787.9496711,0.872877422
0.194934537,797.3806309,1.406968389
0.08750895,854.4377231,1.537274281
0.052489912,1243.990402,1.043276996
0.143587599,1352.664157,1.854145207
0.285920568,789.0464334,2.053606123
0.041250392,919.4829099,0.974227059
0.142193216,1306.290455,0.780252409
0.100710315,904.5978061,1.969488697
0.284680911,1644.86653,1.533769993
0.134855281,796.8362752,1.027906408
0.214164491,2069.49233,0.731044637
0.125547425,217.2931569,0.968607929
0.188880454,697.2737808,1.621320741
0.15084974,212.2879612,0.725064357
0.097922707,772.7468537,0.741024926
0.239949135,880.6292333,1.84118371
0.193869528,2053.867338,1.604023743
0.185313818,837.1020198,1.519818579
0.236374051,2008.067652,1.992332284
0.202522791,1476.15883,1.544256006
0.130209232,1525.124914,1.873779272
0.12422884,1241.126575,1.063976761
0.101752109,1008.147295,0.992651175
0.162493126,676.4221378,0.81140576
0.059793474,546.13617,2.023791757
0.207894506,1838.404189,1.168387509
0.167879456,753.7049434,1.657024952
0.233613963,280.5155007,1.421473117
0.139186899,1745.97364,1.783612746
0.053930236,1787.995464,1.174877852
0.242446418,1608.017267,0.95427382
0.08182144,1695.953778,1.570343545
0.106132056,719.1156992,1.407455344
0.069282657,1117.522795,1.247017317
0.057759679,1578.834623,1.782902416
0.128850056,1301.466354,1.2869945
0.244615113,1300.590968,1.509112529
0.226473728,1645.232823,1.668501424
0.247196995,1494.303403,1.787882514
0.123354416,1677.542543,1.138197769
0.093911773,1176.354226,1.449872993
0.088396902,776.8297503,1.034825321
0.049550518,287.8492958,1.447765504
0.167997098,1083.805638,1.144498214
0.088898919,1218.797275,2.094612268
0.105573846,1075.586312,1.521797297
0.177455061,1383.538976,1.247123536
0.230822728,1471.153962,1.562157646
0.275850892,1364.591673,1.149143564
0.121797648,1056.278439,1.296668536
0.174509016,1625.047032,1.714401633
0.219086795,994.1001227,1.387900792
0.237078224,1207.323437,0.964522043
0.05103963,1410.486645,1.439738315
0.078120262,220.8460167,0.815211022
0.229263757,569.7345997,1.334804377
0.120377099,755.618499,1.036226733
0.151796479,1624.305135,1.340378875
0.148623694,1646.964407,1.416316311
0.059554149,354.0004243,1.41798095
0.173006852,1072.542698,1.371284175
0.114163051,2108.873701,1.019081558
0.184148507,925.8521615,0.854942472
0.130390829,1896.654335,1.320881285
0.185442845,1109.193268,1.563362606
0.080655594,1227.804754,1.104356086
0.044733859,1587.959508,1.931397581
0.075970773,296.8567651,1.412684733
0.235401192,788.3310173,0.980346442
0.260205829,750.9340034,1.048117578
0.167118126,1741.958773,1.80514959
0.118520059,1520.770164,1.664577683
0.201869416,290.1436946,1.389285279
0.174042384,603.0666505,1.764305068
0.23287136,686.4365038,1.584988707
0.070371778,1340.202973,1.376297272
0.233842774,719.0646046,2.043575097
0.127050256,1132.266171,1.684683162
0.266625181,921.5520484,1.942683132
0.039607956,582.4958022,1.416406697
0.207309563,1234.683713,1.681133065
0.198865086,662.5545967,1.880912884
0.125730049,897.9268175,1.100853131
0.069551066,390.0433578,1.53865915
0.031683045,1399.698043,1.267417399
0.124359525,1449.807185,1.729635304
0.240650356,1547.152861,0.753013534
0.122794708,1871.542771,1.670970472
0.176215029,1966.638219,1.782513515
0.161190353,1811.532475,0.802257936
0.148064246,1169.041148,1.776021096
0.159348493,1679.340964,1.706390061
0.101552909,1554.415499,1.13226636
0.277394369,1196.239356,1.323293002
0.241233648,1338.622846,1.018887208
0.264744792,496.3462741,0.801444638
0.121153359,1280.773863,1.384413674
0.188129087,1544.59533,1.218185121
0.221088857,1236.837351,1.605463748
0.197806366,863.6446365,0.990934201
0.161658244,912.6217562,1.727084
0.162102698,1065.080134,2.010608033
0.114069281,1484.885501,0.736012006
0.210804817,1889.960095,1.877173345
0.241153763,1070.167089,1.456208874
0.201266309,1106.827483,0.929759269
0.200131833,812.3628824,1.830199753
0.143424559,1301.538304,1.510697741
0.211010985,1043.936251,1.866609061
0.098985956,1534.32607,1.411555797
0.069265674,764.2785574,0.946501218
0.077621691,906.3437107,2.093478781
0.237292829,333.75977,1.540453276
0.195426331,1566.237772,0.935594523
0.183522626,1525.843439,1.027098459
0.177595855,479.1550718,1.66026106
0.086054278,1206.8095,1.173517921
0.088976825,2184.489154,1.578917156
0.280831285,1050.229086,0.819492685
0.137229344,1832.824996,1.140052678
0.23980533,592.6710499,1.975175573
0.198685527,958.8795498,2.090078281
0.131415467,1827.951906,2.076349151
0.109411571,1451.487717,0.832976879
0.111684344,171.7753608,1.74186474
0.245889803,1402.14601,1.890701047
0.254738689,1261.050601,2.051152305
0.157915793,328.6630096,1.322972565
0.210348495,993.4560787,0.918478903
0.144373906,1905.126916,1.441080616
0.070063072,1642.561118,1.656954398
0.186933752,1300.664912,1.660736123
0.261974388,889.5547699,1.51631167
0.268794501,541.4667054,1.459073204
0.206584394,1492.590015,1.179511405
0.078069344,1503.368805,0.767350424
0.159478844,1279.306465,1.57481009
0.174256629,1313.957776,1.603100028
0.209993822,340.1626562,1.842957128
0.266862062,884.6454878,1.294267487
0.202202594,1520.419386,2.077319616
0.114784246,1328.523152,1.78564521
0.047056208,1212.522644,1.723575123
0.092825321,1406.524911,1.170361642
0.203134388,685.0682995,1.085161497
0.173744664,759.9814512,0.924459161
0.052752582,1128.47131,1.279924674
0.215552655,1122.734757,2.08058715
0.269616135,1499.905741,0.874159801
0.232252444,1075.154674,1.388543996
0.207212457,889.6168296,1.524047154
0.181935754,1888.920524,1.134322699
0.190203422,830.9612506,1.331424531
0.024618703,1015.04213,1.20790558
0.198062407,1872.099545,0.927926693
0.208904337,521.6992433,0.854181805
0.072821668,641.3019024,2.047645594
0.148198077,196.3265994,1.192568134
0.265052948,1007.544492,2.055740972
0.235040515,1430.143986,1.154634876
0.19180262,1735.470984,1.231364076
0.178260122,238.8887083,1.52061762
0.162495889,2113.762283,1.370382661
0.182776773,625.6130894,1.058813194
0.110977239,2045.823392,0.909823342
0.057359405,921.8974437,1.347116015
0.083422792,1390.716699,1.355259354
0.136086516,1328.118069,1.614351893
0.174117471,532.0577372,1.506717776
0.129663667,667.296205,1.920244146
0.225711838,218.2905302,1.366992096
0.067648035,728.4004718,2.052226997
0.029164268,1510.851801,0.977244505
0.166536809,1947.996257,1.522844649
0.097636994,1670.099008,0.966876672
0.271786094,1818.593081,1.743140879
0.263535665,1194.533998,0.880264314
0.12067694,582.623964,1.452693764
0.15073804,139.7726172,1.431140482
0.243196191,1058.934679,1.817292194
0.156078328,1331.248751,1.772389623
0.170667687,273.1082796,1.87454707
0.06741562,1061.37734,1.720152303
0.201788858,1264.768,1.199428399
0.097588443,1714.493088,0.984124393
0.045955796,1220.982413,1.01933118
0.167923605,1797.188332,1.491043633
0.17149651,777.8899349,2.025450245
0.15723402,2063.865698,1.220091468
0.265960738,458.3142141,0.824863475
0.146332393,961.9669026,1.76079227
0.12596509,1472.352047,1.74698442
0.207550288,1542.692626,0.733749042
0.281292545,1195.697712,1.209933787
0.171785463,252.4471929,1.256063987
0.191500079,921.7995563,1.975680166
0.156803202,648.0380566,1.417391556
0.14854164,1176.040808,1.774560386
0.182210149,910.720899,1.565933606
0.081844486,810.1768807,2.095544679
0.119910045,1183.233285,1.170726721
0.169588526,772.8924321,2.107454326
0.222306059,1476.116873,0.995547452
0.280845868,895.7301665,0.74725267
0.109246192,761.3248459,0.761212485
0.173966189,832.0950188,1.85134567
0.1564166,1476.267279,1.92990764
0.259228014,1110.026375,1.263819653
0.285489259,1372.60462,0.993230148
0.148191113,947.8647229,1.045768965
0.236551902,286.7914706,1.873209886
0.071767968,1914.165482,1.548359723
0.223822754,1163.289386,1.25630095
0.161252372,1174.966731,0.875073242
0.116554386,934.5458329,1.065340902
0.247844429,392.9158105,0.966374003
0.224220821,1772.070009,1.711482891
0.123255529,1030.633662,1.309719279
0.042108975,1211.88236,1.530438911
0.122068348,2095.477395,1.196827194
0.17223377,1584.140767,2.097362139
0.255259888,1287.540214,1.904924598
0.184064704,615.1875649,1.83189631
0.133893564,1539.647461,0.896745093
0.043649812,1092.022096,1.005406925
0.09924765,1974.538476,2.050369994
0.100845563,263.0450556,1.707770328
0.04364176,1064.403909,0.946091748
0.128186823,1379.188129,1.864156791
0.183032021,217.1599088,1.892660589
0.129788461,1788.41119,1.708807543
0.050749479,1281.61716,1.608243219
0.224293227,2017.111433,1.738356461
0.160559814,1199.94633,2.051631203
0.217736061,483.1131084,1.550882261
0.244284345,698.858502,1.835603622
0.134577537,1848.384498,1.897861691
0.206781653,142.5303364,1.110752232
0.130783568,952.7979461,1.202921841
0.057772871,735.7668713,1.019058151
0.1843793,1976.275388,0.99575932
0.200543801,1105.156275,1.794191624
0.107074925,1332.856954,1.361561053
0.157031154,605.3796299,1.041696661
0.166451594,243.3505377,1.101422032
0.020747429,420.6943572,0.725481922
0.245695874,896.0419355,1.336039581
0.219125951,705.58908,1.702534419
0.11930744,1134.89995,0.771575572
0.127373904,280.1328028,1.614157746
0.285391771,378.7646034,0.762417244
0.156342153,103.8019058,0.980725843
0.129917516,517.0103281,1.273208911
0.226639337,1283.150815,1.222303383
0.134359414,156.0176404,1.06671182
0.171701706,1360.439041,0.96992994
0.242560477,1838.519604,1.483284669
0.058432803,554.0954468,1.663284891
0.089888981,1218.885798,1.81735149
0.14947359,1384.159668,1.407897592
0.069811508,772.6820487,0.946999258
0.047879606,1243.464568,2.134207855
0.104628809,1147.990819,1.554851469
0.061586837,1493.729778,1.645986917
0.15118885,685.5868641,1.514010048
0.125235103,684.8692659,1.05799635
0.136982741,780.1523809,1.677458205
0.275848451,1928.381332,1.771941687
0.140086008,319.8817319,0.727688038
0.04800943,470.8779171,1.258279918
0.136390159,1214.112637,2.012364915
0.157466812,656.052071,0.848825361
0.102088744,810.2703941,0.98509302
0.096154836,422.5186084,1.33144482
0.245310951,1871.512236,1.227042303
0.237938179,1916.929399,1.627322068
0.126849551,1601.255763,1.412753704
0.191538333,1964.974674,1.45575405
0.077568838,1688.454563,0.757610226
0.062181364,822.7288715,0.745685206
0.226534577,900.6498483,1.197585397
0.212068161,186.4835297,1.723725462
0.267385893,714.9882589,1.217868071
0.240233088,1476.65324,1.209208597
0.2177661,808.1937151,0.807007261
0.13070938,1442.464157,1.341292345
0.214443098,1309.723664,1.225804196
0.110380743,1280.992753,1.114611855
0.026038504,1534.633215,1.375338534
0.116486022,1155.563954,1.099676176
0.250103966,879.1532821,1.745193938
0.081379366,1847.623121,1.339893998
0.292908674,1310.044114,1.791392138
0.053171842,1752.583629,1.002723498
0.031134959,1261.69395,1.772765079
0.157783178,1721.14757,2.033505266
0.103604652,1266.896223,0.793669404
0.288835231,755.0943205,2.087630409
0.148307282,709.3428077,1.404566313
0.204083069,1026.13458,1.580532225
0.221640703,1024.351047,1.036758058
0.263069487,1494.064472,1.658871245
0.047019598,1596.360726,0.784597436
0.172135555,876.7589847,1.369839062
0.182617199,1653.113189,1.779358384
0.132723038,810.8627613,1.759780679
0.291705295,1904.229722,1.557906654
0.103975865,1652.589157,0.865658355
0.204201341,1340.05429,0.846756709
0.072830356,896.9219066,1.300810782
0.275006659,1216.34248,1.27214384
0.091764324,1778.365932,1.56176168
0.108154441,1324.076205,0.767266915
0.12473029,935.8229715,0.846528161
0.113836607,1733.102824,1.479331515
0.195172425,288.8418382,1.464932244
0.106879782,947.6702882,0.815486495
0.211832406,742.1951923,1.145835417
0.042648425,1524.705352,2.061762551
0.236736456,714.7516726,0.990624013
0.093701545,343.5143651,1.737095086
0.254712051,478.0755639,1.075598461
0.130588865,1006.825215,1.887630413
0.239765258,1469.581213,1.523869644
0.156593451,463.5121701,1.361895655
0.063458681,1451.329808,1.699305413
0.178904145,288.6980089,1.677512527
0.069562496,846.6730939,1.059281178
0.234093689,2145.301621,1.967695948
0.13048487,1014.382091,2.078290059
0.044508388,1541.998664,1.467255789
0.166373341,1081.691042,1.957472284
0.227733441,450.3113845,1.355228892
0.262547473,365.6519451,1.408538909
0.071242448,1737.297916,1.722334395
0.23345955,544.0678628,1.424320273
0.215149668,1346.272785,2.099309084
0.093324595,1347.490996,1.44352231
0.167140573,1059.189613,1.779292677
0.169107234,1625.434421,1.244978422
0.100395792,1876.360296,0.806766762
0.118663981,1257.522259,0.844065377
0.040504365,1644.375357,2.136110734
0.20061001,2076.232923,1.060241769
0.142892502,1129.738305,1.398887526
0.231066757,1320.483977,0.901523052
0.243717146,1277.878914,1.003286831
0.067868362,1233.007094,1.040066267
0.103819543,1423.641539,1.270222816
0.155418495,1099.430688,1.483206857
0.173152216,1350.835444,2.114451471
0.260855184,1090.170047,0.810355119
0.171889109,1991.533513,1.07121213
0.162228989,883.7790573,1.182067451
0.270972673,147.2886344,1.702633245
0.216286179,724.0797322,1.331289752
0.186140085,690.546485,0.818913346
0.253035979,757.2106337,1.101278199
0.096386318,790.6036502,1.841972161
0.15257803,1817.76451,1.022748897
0.240483267,1984.453057,1.233496994
0.109613918,988.647568,1.685322652
0.051099744,1616.508598,1.567135207
0.164694753,1628.22185,1.219667136
0.148524095,774.3108735,1.614055651
0.123156027,1770.257007,1.473749491
0.283833882,1271.303339,1.715740149
0.186225197,1711.869935,1.707494053
0.139573309,1418.538568,1.123582696
0.075312996,659.5715169,1.497379712
0.174526159,1606.873073,1.145583363
0.180733087,817.7607233,0.869556377
0.263897896,951.5462124,1.303714936
0.109424885,1058.328602,1.318790917
0.083855161,2081.074204,1.552154528
0.087345776,1921.532629,1.44778311
0.185122757,593.2831061,1.227918837
0.191254503,1133.609119,0.911949437
0.201804472,640.2143192,1.315694526
0.197314144,596.5365324,1.172201413
0.061270892,298.3907007,1.841784119
0.11949226,557.529702,0.910555399
0.103184427,1542.730608,1.233033346
0.162760662,1446.185285,1.211204323
0.069385734,1508.510748,0.98696665
0.127615451,514.2177908,1.438086231
0.053520169,152.1230364,1.719894366
0.197026296,328.3061463,1.427225142
0.126620747,891.2996681,1.797707276
0.158027913,854.0507084,1.063980988
0.148953221,768.5709653,1.840249149
0.215455874,1037.03239,1.738260863
0.20467355,662.1178111,1.713538424
0.219169828,1399.873804,1.759881644
0.123829584,938.9429842,1.148640644
0.161872019,926.0123079,1.77738173
0.140074709,858.5142605,1.412160006
0.228169232,2071.996116,1.152145384
0.168015852,1054.850054,1.110406186
0.195851102,813.6666897,1.019641982
0.263090881,410.318167,1.257719849
0.150684332,214.5435645,1.305239486
0.109796772,905.5316249,1.980508668
0.17821403,1300.721363,1.404286026
0.185253459,1296.624003,1.378394765
0.047594045,1283.554241,0.738769382
0.244361914,515.0141906,0.73319631
0.207288198,958.937271,0.890419826
0.162160957,1028.112246,0.853882386
0.112783784,791.3994891,1.564767536
0.11669083,1026.883742,1.838343882
0.195842375,2062.71912,0.944016646
0.073697866,1967.524051,1.51204324
0.196185661,1657.302441,1.040734628
0.194780029,624.5632708,1.445785437
0.210454806,850.6456294,1.304395045
0.279583685,888.5411565,1.570431062
0.133812889,388.806474,1.694236173
0.028378355,1218.113659,1.671458458
0.069718586,1333.10686,0.920662089
0.12570607,1659.874296,1.40400118
0.273808714,1001.583948,1.747642042
0.180342818,1135.266012,1.122184294
0.202080022,1494.591637,1.362750412
0.140465274,826.7340839,1.564398158
0.140555224,757.4797564,1.693944313
0.024771327,735.342276,1.011959966
0.157711794,396.1900994,1.436339083
0.249085329,1916.345296,1.337161884
0.135540878,1424.45167,1.63961351
0.192732658,1020.928286,1.476740526
0.291153838,1000.091613,1.051170085
0.233051135,1390.796929,1.460663644
0.125651876,1258.811734,1.043984218
0.090615865,1150.65892,1.722318017
0.128366586,503.6996889,1.085365681
0.124646969,1044.175708,0.944665556
0.106824801,1217.828473,1.30595026
0.205083814,822.8385474,0.956715289
0.262622784,598.1502379,0.887759165
0.098237681,1023.331077,1.419547953
0.209710058,1887.278823,0.8970787
0.113165679,1746.226627,1.770802803
0.224153553,574.4482285,1.207321911
0.080432914,940.9555565,1.101822882
0.054398885,942.8866992,0.854846752
0.085512098,277.0839111,0.856149624
0.11065863,1029.807365,0.942963963
0.158928803,1666.336351,0.818280424
0.171214472,1331.467237,1.57786945
0.29955775,1589.087439,1.426943054
0.23761587,1243.373648,1.199181979
0.216919172,1545.767408,1.177136798
0.181304803,1646.558442,2.10958138
0.205985352,1685.004153,1.454050809
0.129414944,1397.625199,1.981384271
0.167981423,545.8872567,1.164113845
0.122248631,1125.416559,1.818636707
0.258445741,949.1658377,1.200593044
0.204949122,1938.317952,1.997562407
0.121511743,1288.715637,1.8080931
0.142865552,1931.696516,0.750145754
0.104159251,2124.053516,1.103097878
0.199417588,1449.374323,1.821522181
0.033120025,1130.549961,2.073173163
0.06539788,169.5436391,1.256344885
0.152395477,866.784557,1.109697272
0.133492408,1437.927259,1.307790737
0.130929437,358.2879148,1.048601519
0.181986777,1906.524942,1.309924999
0.226569943,1297.547853,0.940415796
0.097490381,1504.766474,1.234664896
0.118531088,1830.070839,1.582070629
0.104125165,1657.993338,2.009456843
0.18786094,1924.949422,0.975897486
0.271913256,1857.299288,1.642467578
0.077345926,923.2745353,1.110230182
0.18252274,1126.521904,1.408112718
0.106840872,1691.610726,1.314359294
0.24995783,675.127038,2.131299584
0.020241944,685.6861363,1.070360681
0.03756504,1269.087165,1.027721699
0.139178716,1524.225242,2.116092223
0.206413791,1291.010406,0.942809343
0.268638433,449.4203063,1.066755885
0.142974409,1180.384137,0.852668597
0.210145861,1202.467137,1.600683641
0.171016941,1623.068344,1.416657403
0.175722566,1739.202315,1.893872297
0.144070792,454.6822143,1.129944685
0.132937277,336.0584346,1.651730171
0.270215438,1530.024066,1.340389854
0.246062245,1094.236345,1.93127506
0.147755997,1368.337197,0.933730305
0.181992615,799.058931,1.310178415
0.129112527,1840.253332,1.392436149
0.178590915,763.4184423,1.439633606
0.061943028,1232.421242,1.052712412
0.160767334,1056.166817,1.944429886
0.0551266,586.0137392,0.99923735
0.182012776,1033.612191,1.820656134
0.189650616,1310.48654,1.386713458
0.073115168,182.1997563,1.412230203
0.237935351,1463.175284,1.531950454
0.21131163,1862.076191,1.837650686
0.05212856,734.5521425,1.362941601
0.154045669,1229.004995,1.555959436
0.102883267,224.5410899,0.821417936
0.093667943,1097.481692,1.037278308
0.21325192,547.4598594,0.856798477
0.1311633,1139.171659,0.739626143
0.061560984,538.7473206,1.503353101
0.204489707,1185.412603,1.838244584
0.202595096,608.6911766,1.765201682
0.034178045,1401.182582,1.384789282
0.185124146,1762.225067,1.210986053
0.251253154,753.9294551,1.735759409
0.269723623,129.3582888,1.731621399
0.090148664,987.7396564,1.068590803
0.230618237,1403.739049,2.046264403
0.087254561,1443.024486,1.945103373
0.144211851,1917.197943,1.394303994
0.219560167,793.17,1.854940988
0.272737381,501.0062568,2.046316894
0.29004435,1616.328355,1.048541725
0.152064987,749.7956289,1.193657205
0.070377845,1064.810685,0.848631892
0.114388122,1121.174551,0.841362518
0.103890907,1811.838457,1.568240321
0.158339389,484.9289099,1.198357266
0.115736983,1740.541078,1.588424688
0.10457956,808.2112112,1.712034861
0.255932489,2140.738346,1.740322128
0.152743347,571.6874055,0.901034378
0.086874955,602.5013209,1.196593993
0.084646423,1769.774139,0.984810754
0.139936463,853.0275381,1.171699161
0.242321478,882.1412248,1.873591001
0.193681106,411.1985244,1.721816801
0.081942851,1207.202342,0.744478256
0.196293909,1312.109569,1.951242352
0.294586148,744.0165102,1.032700701
0.192342369,747.9849977,1.803582624
0.163371978,1836.381741,1.306255974
0.166164897,979.3035416,0.826354919
0.238362296,1294.784518,1.898988448
0.054692724,1365.856749,1.292061585
0.181488062,1290.529415,1.409764283
0.168433179,880.5046841,0.722465027
0.161818809,1617.971342,1.809942883
0.230975102,932.8638768,1.513681865
0.022060852,1577.620917,0.797816074
0.113974755,1641.055624,1.234072084
0.12833069,504.2725479,1.850791896
0.184789674,1223.017569,1.058438519
0.139269725,1226.230023,1.591712074
0.272952317,1001.728658,1.103940307
0.255788713,223.8079599,1.432745706
0.143551629,388.354202,1.376781101
0.104063237,738.0028159,1.937081406
0.221003963,656.5090522,1.758005052
0.07402927,1293.654739,1.085711798
0.200513047,555.5895316,1.796324513
0.239269902,1171.981705,1.153328987
0.216922058,1194.147626,0.831196915
0.158577482,1312.292974,1.861657033
0.160879163,1712.017114,1.36579036
0.102459662,1301.959199,0.95517407
0.144413539,827.3332222,1.187216322
0.274470865,1286.672966,1.00948983
0.134474255,1366.208791,1.822185399
0.194712125,983.0425437,2.109755781
0.080797078,1087.42654,1.009349182
0.064409586,1254.456461,1.831599459
0.107647021,662.0115455,1.54808695
0.115193439,1430.694173,0.770722216
0.250005513,1028.308787,1.15343581
0.164540434,1409.34699,2.100370078
0.062464758,1662.495858,2.129674106
0.136717634,1962.695915,1.251691975
0.250021245,1414.204261,0.834756189
0.193649534,779.9019081,1.431366263
0.096210059,1442.990935,1.32647792
0.160752782,1307.299525,1.968227679
0.242418253,871.4821716,0.90117833
0.103644851,707.9140807,1.327164131
0.068733413,1319.49983,1.881793507
0.095537989,1289.620156,1.809081169
0.096984021,1661.159325,2.052613495
0.1800203,740.7721203,1.85101917
0.291627816,1120.725713,2.113363535
0.095425284,986.0542757,1.929460865
0.200523569,922.590067,1.870660826
0.141326842,1695.916081,1.428196963
0.183830601,1063.614922,0.965107723
0.162542784,1766.401071,1.229375427
0.142920196,1926.802025,1.274154035
0.130575017,743.3338768,0.979142592
0.232507964,1226.412232,1.250199799
0.223410732,1593.701507,1.22435931
0.238695523,1233.305555,1.547348338
0.134829299,519.5273534,1.587231106
0.08869942,1579.270504,1.442116753
0.246834515,1593.087338,1.13173891
0.260068088,1474.495617,2.142391032
0.091299173,921.7996529,1.807970919
0.114745409,1319.501785,2.057414479
0.082823322,481.6182513,0.740736375
0.214366502,1175.284949,1.963923095
0.226261968,1378.482225,1.5719961
0.172005395,1495.043936,0.76730076
0.140731569,783.9615103,1.881227708
0.131965705,1596.353461,1.697377302
0.209655586,1947.86987,1.901486573
0.099323097,887.9473882,1.69347942
0.154766076,1748.047536,1.673423106
0.051593792,1274.383115,1.844039133
0.105499269,1363.660875,1.629903362
0.138244363,709.229682,1.095170921
0.184059049,1693.665418,1.943773011
0.057491076,1525.605954,1.891572118
0.243327286,777.4144343,1.889096369
0.025062539,667.3155641,1.310443285
0.21722069,602.9373238,2.03526594
0.161302574,1772.109675,1.695193216
0.201951741,900.9293297,1.345235076
0.260071394,797.3922809,1.413459115
0.185917329,1619.840909,1.562173549
0.260259072,1499.017604,1.634295346
0.158494052,1829.093879,0.93260303
0.049713308,949.7839718,1.857808274
0.077392969,482.3853755,1.749011945
0.174635239,1238.259795,1.075984406
0.193780124,1408.600679,1.580007594
0.196535618,1083.077892,1.983293449
0.121107392,1246.592536,1.315937779
0.181576563,582.5256496,0.956162929
0.203345535,341.1036634,1.497688077
0.161985096,750.1056696,1.81799213
0.166563029,1258.285383,0.842670723
0.048132451,406.6743096,1.749212832
0.15840788,732.9154787,1.631376693
0.107829907,1151.93162,0.97581549
0.129746679,1999.433065,1.795744184
0.034139636,1092.700111,1.287391034
0.037897331,925.0102991,1.587509286
0.206319403,823.6198266,2.104341951
0.169399795,1541.321989,1.416439486
0.131953283,1074.809806,1.97872751
0.21076745,2194.591139,1.202678162
0.155523133,259.1642735,1.477391248
0.214277582,1263.530467,1.599740443
0.048680008,1332.742635,2.044232162
0.25056981,1555.850911,2.028894864
0.132002378,1260.846931,1.695038967
0.07150405,1680.291747,1.255869604
0.205373782,1444.830925,0.953937812
0.129471741,690.1564377,0.990170707
0.02446693,1605.63412,1.283074748
0.032261634,2072.623702,0.86468953
0.266119685,1888.482926,1.242990075
0.191621455,462.0173503,1.814922262
0.282000191,1653.372441,1.023248104
0.069446621,1290.000182,0.788167426
0.263308331,1751.483144,1.63223215
0.077097441,1055.881179,1.56892024
0.213794461,1213.61118,1.161422587
0.151943005,1652.613942,1.66488047
0.100331395,146.0959727,1.408908918
0.208340185,1631.30833,1.081294361
0.143754618,1267.552253,1.246970474
0.229877753,1300.055204,1.024369191
0.203455297,1466.503869,0.761338468
0.12735084,1139.840679,1.321270691
0.065263025,864.6909206,1.080415764
0.185503881,631.6982437,1.522300026
0.098790153,1837.22019,1.433504065
0.202642314,1186.48432,0.883448884
0.135649031,1693.419666,1.303129595
0.183815232,1315.767574,1.454820569
0.096619139,876.4325222,1.056539005
0.252913448,1219.135392,1.819542041
0.178156748,806.1265527,1.150589154
0.134464768,1072.568146,1.078341872
0.167021678,537.9654621,1.941183772
0.149223115,1832.947103,1.052054987
0.081622554,844.0057763,1.796357462
0.152513656,1281.565235,0.981828589
0.277328822,890.7723676,0.799702719
0.25034682,1193.066337,1.754341595
0.147154867,1636.848541,1.414141721
0.192729124,1066.381154,1.838767558
0.149096864,1181.4197,1.826207839
0.194902958,446.3115477,1.26833094
0.051966647,1040.227389,1.062283054
0.028790934,906.826833,1.882770246
0.172067067,857.9831729,1.093050759
0.196292887,535.1521885,1.576976652
0.209876086,1105.495778,1.583985267
0.206219302,1300.908042,1.149931904
0.15586996,1805.662695,0.868771816
0.208114964,1653.1213,1.759015953
0.136229269,1103.573969,1.832786442
0.199881565,1109.187777,1.225608262
0.090588077,287.2725571,1.422670505
0.153758507,1209.312558,2.080286859
0.217375184,1927.20602,0.988576721
0.291969158,1998.895587,1.288987386
0.112237076,1501.368471,1.634419899
0.085212166,622.2309828,1.224344805
0.09098198,125.9017332,1.46373472
0.296020645,892.1425128,1.126695347
0.187049005,1318.328762,1.050162231
0.234742255,943.7650382,1.707002787
0.178230531,115.416282,1.749000626
0.209076165,178.696814,1.447150993
0.152617238,1404.076265,0.8459396
0.108188802,1863.324557,1.856665726
0.296278343,1343.644376,0.759354722
0.168160297,1140.001385,0.860769308
0.102905004,1171.434189,1.940526825
0.169393834,1465.510606,1.278282425
0.06180686,1655.936036,1.056705062
0.206223659,1104.359638,1.847842122
0.189207135,2054.601634,1.474395077
0.168242195,799.194299,1.137613374
0.134548869,1644.420435,2.120293152
0.257100614,1864.433974,1.833216634
0.195016552,1087.048337,1.457619824
0.176790852,1964.142319,1.868406584
0.215341664,313.4621312,1.520677207
0.069961398,2034.960753,1.700386609
0.169979729,584.4684695,2.13628936
0.1811654,741.0240932,1.407183248
0.092567478,667.2083401,1.618319192
0.207342389,890.0652043,2.075124436
0.238591944,1848.628912,1.456402277
0.200834625,993.4930258,1.049243997
0.114105364,759.1067426,1.333157971
0.287774716,1726.917218,1.567280439
0.237176808,1913.93465,1.609279852
0.178372528,1263.631399,1.789461462
0.059983319,1484.176003,2.065341189
0.025779578,639.5652612,1.556043491
0.117420192,1672.078897,1.303548035
0.087945867,2048.737646,1.096133045
0.169141714,782.3790281,1.205307741
0.21997334,1367.424613,1.715272383
0.246623067,692.9880329,1.865956572
0.075002605,1736.040293,1.559168896
0.077522021,1801.275023,1.460886986
0.207751908,385.4773487,1.872311225
0.221923818,1302.002433,0.75979783
0.229231649,2067.126398,2.084122324
0.25207119,1466.213629,1.456935745
0.058146399,907.0801485,1.216799255
0.137605825,1293.747564,1.411775777
0.15367317,1753.856505,2.061295135
0.175361345,1946.924091,0.856669012
0.175640256,406.2164533,1.699991315
0.210661915,2050.636657,0.918200402
0.079460329,1672.39223,1.579921431
0.261335583,1520.586175,1.530427307
0.081304267,269.9004371,1.448154025
0.229913899,704.8939533,0.874602501
0.198349201,570.8059313,1.654119529
0.198301438,1067.046915,1.033437087
0.15969549,973.9603061,1.483699155
0.112789235,306.3259944,1.688318183
0.157159503,1615.114025,0.811199247
0.128374074,1365.333757,1.022986127
0.219645538,1865.68244,1.569806281
0.141093703,322.7925525,1.460119337
0.023665497,545.1302252,1.436527006
0.112148854,761.6302003,0.998618644
0.17787423,724.8815626,1.891927026
0.050447921,1528.073135,1.37186421
0.275904022,992.6864196,1.396250664
0.149947558,1023.84717,1.287526385
0.189796673,973.1404636,1.260061042
0.147054211,545.1648706,1.569844097
0.241668433,341.2014586,0.981778021
0.171003297,1675.946002,0.808797504
0.036545697,1177.187337,1.123622576
0.286205538,1684.361119,1.368975747
0.107709598,373.0352159,1.64296553
0.288174447,319.9137651,1.144163938
0.151538781,369.4649964,1.525461914
0.273016249,687.2995787,1.178507417
0.102010901,1608.826181,1.476098455
0.15164947,894.223908,1.742490804
0.119357717,1566.913783,1.752537956
0.053977383,621.3935676,0.915216019
0.125854636,1022.199281,2.00621016
0.16696367,1500.918918,0.910452801
0.214842179,1942.953626,1.625175224
0.180027356,1094.035008,1.216885246
0.106544228,1589.421681,2.037798582
0.263703277,182.3605647,1.132863948
0.056504578,590.9756847,1.693150092
0.120143774,1008.521438,1.519282937
0.275151978,954.179913,0.812194416
0.090210466,1537.804765,1.817126027
0.243802018,341.7959478,1.082295686
0.098704122,1451.278841,1.027040614
0.129433193,733.8106213,1.390629715
0.224417271,671.0615459,1.459228315
0.271412651,1375.53228,1.293651847
0.118523522,1100.56629,1.535101967
0.167562928,340.8551775,1.665832656
0.166859933,956.0851388,1.510938449
0.113205103,979.8121578,1.391320743
0.09115899,1472.870137,1.162695469
0.101067149,1181.291191,0.983484631
0.175730168,2125.272359,0.932655755
0.123371581,960.4793447,2.088652499
0.163919548,289.4516472,1.475523553
0.250569629,798.8519283,2.108777367
0.196131468,762.592314,1.640010341
0.257830214,1168.192405,1.183363102
0.183235367,1444.869638,1.436472617
0.172049798,375.1429223,1.403072934
0.228166949,903.2037869,1.331410703
0.168087033,1692.317601,1.5003223
0.126522711,1149.73519,0.896005916
0.164053017,1078.074214,2.136979991
0.155610707,1363.482047,1.179086231
0.122756473,2049.598138,1.399404303
0.087452881,1052.18529,1.247309236
0.158946546,484.150844,1.215510063
0.253450362,1681.943211,1.075922233
0.191481801,272.7447784,1.604937461
0.181660728,930.3787786,2.003139577
0.096844653,1567.01933,1.320673619
0.070113594,1836.220023,0.860310303
0.080307241,1892.699424,1.812138544
0.167470821,1113.498555,0.98413033
0.163161293,1503.720348,0.801285809
0.216280488,600.9383941,1.482680486
0.167246741,2097.02345,1.302853942
0.153978899,858.6760155,1.316959612
0.206233346,1078.141337,1.908333059
0.183007263,672.9455594,1.71547278
0.093067379,1597.785251,1.699274827
0.063857347,1043.86226,1.262290368
0.143410064,1945.089316,1.480610438
0.161290861,692.0193719,2.108333936
0.245557576,1228.269397,0.724267355
0.285651345,715.8131285,1.318249686
0.05881891,1536.853407,1.203135214
0.157238167,1473.847804,1.789673833
0.294719214,262.0135346,1.295324818
0.241296936,1464.597566,1.97269027
0.126415664,2191.199686,1.352665513
0.188820436,1088.872049,0.936019133
0.191423621,710.8283149,1.317315637
0.270856128,1206.603491,1.885769493
0.116020651,1512.377194,1.090624935
0.180329655,1483.127781,1.003238758
0.122177561,996.4178558,1.36684288
0.201103392,1023.897569,1.26692973
0.146955983,104.5534572,2.044314217
0.097529552,722.821474,1.344375955
0.209102311,190.2597389,1.221145081
0.158291743,785.3363964,2.115940996
0.138103239,946.1289157,1.209120227
0.144315274,1009.335574,1.626525485
0.112411262,555.7075856,1.151019599
0.22405162,1060.334322,1.009586966
0.166296269,1404.730216,1.852098573
0.130109188,1261.072439,1.945257988
0.138159622,1985.6231,1.819650645
0.154497963,981.2852227,0.839551699
0.187916218,1083.795289,1.799432216
0.216320273,1846.29446,1.313508026
0.297327524,798.9914276,1.582750265
0.245290271,879.0679928,1.325113342
0.20087394,1519.154273,1.447296955
0.113110464,822.2444535,1.894697895
0.179546051,761.0722986,1.113075992
0.228908257,1554.051874,0.79362749
0.047229884,601.5416088,2.023682659
0.030855013,1348.316303,2.05400501
0.279709688,957.6125056,0.927215851
0.243939841,1195.008598,1.444543999
0.175894985,1765.918674,1.402034921
0.148821429,1732.092351,0.786210762
0.184530244,1832.315305,1.106037163
0.071294698,880.5328518,1.407106632
0.079613345,896.0650893,1.494970399
0.091281326,1859.495186,1.454769893
0.178109674,915.2815702,1.831849247
0.244262086,1099.837854,2.070248786
0.21205271,566.5505155,1.920840439
0.101638053,1146.014767,1.374447109
0.047239292,1923.496864,1.543113715
0.136643896,770.4413892,2.112731861
0.233314531,1333.448243,1.453790985
0.193661006,370.0068862,1.282917804
0.112002421,1525.652271,1.618668999
0.090618435,758.6839143,2.03385061
0.135820741,224.8630934,0.917554908
0.138778765,669.6498539,1.160180963
0.150086924,802.4305231,1.542783627
0.160593259,1878.311862,1.256563566
0.166562485,1186.938719,1.451784569
0.073689747,1836.60864,0.857289207
0.037883976,951.5353268,1.755976105
0.180826522,1785.627471,1.62429628
0.285198137,1326.200946,1.524082737
0.209776132,743.3774114,1.762315039
0.131831675,1032.817413,1.467228924
0.120722537,323.0334104,1.785560029
0.030870017,1158.893533,1.232967052
0.229328045,1252.669796,1.56304147
0.097778072,294.3546545,1.995342046
0.075548217,2075.051219,1.668462375
0.246692828,309.2252302,1.551629176
0.27698749,1427.683307,0.987366815
0.19233076,485.2875682,1.850759465
0.029520079,1682.642694,1.893598884
0.239196531,724.877525,1.777738957
0.046548669,816.95381,1.082466402
0.086301043,1311.402825,1.281190199
0.221088317,883.5850167,1.898090787
0.27349971,1013.09031,1.51810027
0.108657164,846.383185,1.825566648
0.102361162,697.3869126,2.03463573
0.269482491,1093.755916,1.097959932
0.112831432,1060.355501,0.793519947
0.189644206,2039.61563,1.439101515
0.177557253,1459.707564,1.942403362
0.146772528,2113.443506,1.266690728
0.158785012,1315.416661,1.271104725
0.1282389,2185.499575,1.764153925
0.141539794,1698.087351,2.087159194
0.08972564,1063.239415,1.112512318
0.164754004,993.8541183,1.211594706
0.298400736,1874.794053,1.280229522
0.032693078,800.5293,1.027133511
0.150677082,783.0653111,2.111819895
0.086570352,288.9683695,1.388102105
0.190264307,734.7486645,1.426821548
0.290172842,647.42756,1.176304701
0.14848052,1957.67101,0.877293162
0.092249779,408.6536551,1.138838061
0.163559498,1061.628288,1.321901469
0.122537781,761.6900815,1.852957222
0.20754552,1742.016641,0.976811999
0.273552934,300.0991296,2.140912346
0.154685166,1298.334928,0.987039305
0.097883789,1331.322082,0.74199533
0.095954999,1027.721945,1.876844615
0.197273885,1448.875,0.928815517
0.190070892,1647.579805,1.411642072
0.135820061,1213.158618,1.291232083
0.136588561,1821.305404,1.817929593
0.151318026,1605.77095,0.77196401
0.147705665,166.1223423,1.632669221
0.059131133,1392.515211,1.525901207
0.116891196,417.324151,1.401268851
0.211222033,1397.334689,1.593957616
0.242823019,979.0532584,1.375947603
0.100876479,1532.324495,1.264919613
0.099406341,1332.91847,1.655876473
0.227249392,1139.585967,1.055954004
0.200915455,1980.497476,0.969264024
0.211762425,1678.203929,1.133408106
0.076960356,1689.322051,1.701997545
0.139845047,2182.809932,1.516090629
0.225069566,868.0711265,0.800460473
0.220711115,1424.688259,1.097821171
0.254921934,826.8691354,1.83254336
0.186610381,961.5139785,1.80989757
0.248990391,866.2541012,1.893189479
0.114008099,1154.433796,1.524573368
0.243464417,1555.829537,0.85170697
0.163964903,325.853392,1.169808727
0.198958701,623.0942033,1.489798327
0.232221919,526.0950035,1.941984863
0.265493137,1422.643311,1.181984601
0.26024884,553.2319819,1.662092724
0.182873913,252.1261514,1.825642536
0.098025142,112.3698522,1.273029003
0.05245991,1117.797308,1.472228706
0.031581852,338.2762887,1.883199606
0.08405916,1046.050932,1.696665762
0.061652516,977.9952625,1.912883036
0.074778631,1456.811925,1.178292504
0.202049761,352.2492726,1.42800445
0.023762169,1253.962372,0.871538068
0.190825239,1207.64277,1.671638715
0.177071168,984.3902246,1.549181997
0.18905389,1025.458047,0.953260598
0.163139554,1401.976386,0.90191618
0.126494675,772.0588453,0.794908773
0.070030021,893.1203206,1.554705176
0.226047078,1389.905782,1.002822132
0.264166925,1469.191742,1.225417911
0.163715167,1585.954582,0.96324285
0.197528799,788.8634965,1.484562362
0.111323009,802.9111333,1.180810573
0.22497427,914.0795171,1.29223021
0.190192426,1412.518804,0.92878517
0.163835364,653.7209949,1.506594588
0.191136239,525.5918831,1.291988921
0.177699729,991.7118927,2.084353924
0.053320823,1603.214447,2.084660746
0.187204569,1791.016001,1.27589522
0.098299591,1530.985908,1.999233358
0.177313338,1855.070185,1.919360066
0.151574498,1684.385449,1.0477442
0.293962555,869.8665082,0.789303476
0.113926078,1139.245367,1.959023933
0.120225179,1282.473418,2.042197844
0.173447251,310.6342948,0.891591047
0.089278774,1366.946517,2.121990525
0.037907388,1852.292754,1.203108879
0.205264542,623.0963659,1.696541677
0.158299304,1279.069071,0.771531504
0.139001417,1802.51797,0.84074619
0.284444962,1135.860885,1.184179001
0.172746001,1047.862004,1.809598785
0.148413332,1135.558882,2.055567445
0.127787749,1710.56723,0.997070242
0.275889637,1770.31451,1.634859659
0.114658579,1295.884262,1.451022336
0.07848415,905.4589065,0.746548025
0.155628811,748.9513553,1.451338415
0.135060311,1148.64377,1.764053737
0.151119169,542.8441626,1.018847839
0.131999949,1309.925747,1.460936342
0.177661192,1579.64909,1.712422836
0.263293616,1728.184643,2.072208357
0.063059512,1282.815901,1.58843697
0.153855102,344.313159,1.46579244
0.176885216,526.0738151,1.730901338
0.156200794,1218.44818,1.666357514
0.144593572,2127.784824,1.041326987
0.070193819,1219.229138,1.249330928
0.085082579,684.1473477,0.94926539
0.228079643,932.0127384,1.528952208
0.254372971,1645.812099,2.138303263
0.250229164,1539.676709,2.08536239
0.247202067,1616.396768,1.671182512
0.097111845,1969.329544,1.375123934
0.280786507,1741.611438,1.968174916
0.15070285,1164.698045,2.112066998
0.240774892,699.6245014,1.537268291
0.202876125,1461.118634,1.809511582
0.294879859,852.9484648,1.68037662
0.103694661,922.4721721,1.269782627
0.168147717,651.7081078,1.19734201
0.168957363,1326.951263,1.653603698
0.104002713,1554.824117,1.002954132
0.160589413,2120.877385,1.349065994
0.259012763,1325.922568,0.912069661
0.199532605,1444.464973,0.966372834
0.15232271,816.9851464,0.870295477
0.178312955,1221.402998,1.064292063
0.142228753,1598.327468,1.644134689
0.0897,1525.614591,1.62834351
0.171638213,463.2825648,0.724741337
0.167312784,1553.27698,1.914170411
0.033197297,1291.310382,1.754366899
0.235810626,1003.678906,1.493103267
0.266288213,1327.876712,0.971573214
0.101022055,1942.243366,1.794971399
0.176816804,1942.668494,1.472514051
0.100192391,936.6247239,1.574168375
0.036096387,774.7591924,1.195494541
0.185105655,915.0322011,2.100281504
0.241835857,860.5462063,1.662448771
0.192189811,686.5767731,1.209465846
0.093800872,123.155464,1.792570074
0.126911463,881.6531894,1.635786261
0.188595676,1911.533977,1.012956946
0.041582899,1646.163378,1.166106778
0.123449725,365.6347303,1.484488661
0.106795921,1359.031381,1.100003407
0.172307956,1616.787733,1.485532761
0.200537004,967.4989501,1.709402009
0.139044283,1925.221091,1.273083903
0.176543991,804.8129798,1.511125375
0.196006873,437.200832,0.936322415
0.161497425,1126.556566,0.807084454
0.106025988,498.0375511,1.146489927
0.265075792,248.1311792,1.49415575
0.148112026,1338.814616,1.148694319
0.112617844,1246.048424,1.364044915
0.163986713,1447.111007,0.801427259
0.166369591,591.7695018,1.65991847
0.098718644,1191.077449,1.673900152
0.289619754,1288.561948,1.915736457
0.071764078,529.6214347,1.797191084
0.185290591,1719.941958,1.666709414
0.149685982,1989.793642,1.514782538
0.234100726,567.8607144,1.854427675
0.178199675,1492.352827,1.538781796
0.069686472,1578.898815,1.168967781
0.117948375,660.7159346,1.289021994
0.158078846,1504.00193,1.421647695
0.288222713,1540.013329,1.472584901
0.283586401,581.9139053,1.002742388
0.16680164,1700.550527,2.119491998
0.135736664,1224.882889,1.777486614
0.085852241,1913.166603,1.081786425
0.0991949,1231.041961,1.95374718
0.105056721,2199.937342,1.343743991
0.090560597,1647.93908,1.612033965
0.11376632,500.9352041,1.919660963
0.216917977,1993.927192,1.761601368
0.188963988,752.1239706,1.369108682
0.197571953,719.7355577,1.674010874
0.18075764,242.0142147,1.813024559
0.110603373,1422.329492,1.191587112
0.287121814,1250.598159,1.411308323
0.062146866,1096.888497,1.058825358
0.188244154,1162.171,1.357965588
0.080653126,1581.543882,1.597351919
0.151884726,1281.639913,1.230447629
0.232834565,834.515536,1.566003128
0.111250999,1262.251225,1.610018693
0.030022521,1633.449274,0.956998598
0.202480055,814.2437635,1.783449619
0.111629879,944.8138596,1.098433212
0.076028259,2008.827233,1.649411879
0.236642547,1601.849019,1.541003735
0.134733332,522.3360871,1.092055238
0.123231658,616.1675218,0.82919356
0.259604143,1039.923932,1.237459875
0.150706025,565.8081362,1.706706728
0.252084395,748.7534423,1.580127935
0.140707395,1511.157054,1.981817664
0.266773616,1348.537242,1.344288139
0.120584709,939.2131355,1.661053314
0.167066459,261.4169318,1.311144873
0.172053015,1149.072975,1.104720722
0.157542347,404.6996833,2.024813074
0.177094094,1181.510528,1.788513885
0.108614775,1191.177776,1.472066641
0.13978921,1417.177589,0.888490199
0.110945832,481.6564787,1.986629834
0.110044176,243.7615929,1.68008012
0.147728874,568.7543425,0.743165459
0.034783832,1954.025359,1.283062441
0.053593875,1170.16761,1.85827886
0.177201293,864.9356633,1.709807146
0.176616353,704.7352478,1.371340388
0.059119279,1212.373787,1.162895379
0.18966292,1702.401508,1.442465851
0.261228036,2052.284572,1.90731006
0.063101739,467.7182155,0.841724225
0.157349146,1717.399727,1.883204921
0.145478643,1223.717922,0.75463196
0.086182985,1383.276116,1.909751024
0.131933235,1038.758733,0.942984972
0.143486567,1455.12282,1.558308854
0.083819398,1717.577336,0.922358961
0.092560682,1137.050334,0.908709306
0.156210047,1905.059644,1.394016256
0.279091625,1350.306052,1.507463455
0.196114253,1356.355285,2.000160407
0.183901929,994.6211136,1.611795188
0.267065461,1525.872217,1.086773704
0.295745203,1445.555961,0.738677739
0.070783649,1825.496531,1.126281318
0.263843025,329.0863067,1.605835621
0.142731295,706.6977437,0.730491219
0.181462142,1390.42048,0.859548718
0.1525967,1360.415207,0.743880312
0.291397592,1120.836802,0.726646714
0.071138164,1251.034933,1.713108849
0.177717268,1530.070989,1.962605931
0.182069137,1601.988442,1.084031652
0.281156053,1280.775795,1.061324916
0.284265437,1357.863829,1.380916658
0.153652511,1824.81852,1.716175585
0.184145279,1305.819226,1.859526572
0.13696178,834.3864563,1.595258927
0.243350111,1730.532038,1.815802787
0.26065695,1294.769821,1.232434129
0.098307851,1317.048,1.022589767
0.134847412,420.8242538,1.394277074
0.202777664,938.989567,1.842860245
0.135597132,1011.075707,1.857383015
0.086164084,1163.731361,1.370794468
0.279061119,1188.138007,1.593767913
0.126230559,994.6098857,1.097962093
0.105369308,1882.198563,1.740233399
0.092881275,1182.946775,1.36434316
0.138085307,1716.834408,2.119904665
0.090194108,1213.643136,1.700264109
0.221731957,827.4981766,1.385899608
0.155275698,1111.685468,0.843905837
0.185764466,823.6399167,1.656598141
0.158746608,1522.508595,1.374631363
0.107123729,914.9303044,1.118525364
0.035331225,1326.808791,1.477366374
0.113314392,603.3986094,0.779526155
0.056123086,1452.947535,0.77869132
0.077282474,1584.633964,1.256983599
0.172501736,1611.621359,1.027248428
0.235510982,1060.232865,1.663998132
0.086714444,1311.11789,1.479389587
0.146805255,1071.282031,1.449407013
0.27426326,1166.35406,1.557917883
0.104886297,421.6700616,1.871551105
0.073409451,995.9809382,1.076282139
0.037073014,1307.50333,1.451266191
0.228871245,1684.779451,0.86102034
0.236990911,760.6345953,1.924577721
0.258753972,714.7292376,1.745398445
0.125550367,1579.876071,1.656791199
0.147830548,853.0350439,1.112542932
0.268815441,773.1267163,1.895002849
0.177932987,969.1304207,1.085165757
0.089815071,518.3394778,1.750488396
0.204149352,1959.97793,0.718159485
0.11620508,1791.329819,2.088011782
0.292781258,1179.939869,2.002619057
0.047066888,1933.190222,1.160772218
0.197211919,1843.855671,2.122613107
0.033751983,1892.993049,1.981866176
0.095804159,1837.9224,1.039031842
0.129437321,963.2533327,1.850656872
0.14885862,1078.50432,0.806620549
0.035095651,1852.427044,1.113591396
0.245861441,597.0078196,2.12519637
0.284139193,1115.947601,0.718888433
0.155605873,1459.540299,1.146046391
0.254515812,512.4565967,1.323912719
0.213844851,525.6967815,1.494320827
0.156779737,713.9085787,0.958719846
0.161965409,1072.635372,1.285836248
0.052120664,899.4652716,1.943628205
0.026024204,1492.719157,1.219907241
0.264627721,1699.329078,1.135800645
0.229701916,916.6986653,0.805464395
0.155392224,950.5000799,1.7004128
0.176967354,1422.754779,1.080021622
0.236965498,1102.668737,1.78700752
0.113056331,1701.961646,1.334770197
0.14045086,1357.129312,1.936525423
0.222242184,541.1079153,1.19871091
0.03948038,1793.470987,1.271958827
0.262631495,1589.858217,1.399695634
0.188758773,1505.55372,1.847138444
0.106728903,1857.667216,2.106387022
0.276025481,647.2098154,2.145149043
0.14189702,1659.866297,1.413429471
0.176662492,551.9723017,2.087973301
0.040851399,1505.842774,1.375120445
0.077262586,1383.863961,1.028896344
0.155480248,1127.567059,1.616481863
0.175312991,1163.853949,0.926430419
0.131264156,783.7949278,1.623048134
0.15150282,1901.978558,1.60135469
0.183239142,860.6181346,0.855949688
0.190019785,832.591359,0.756060456
0.207534465,860.8220224,1.538303561
0.144577936,492.1331703,0.994006944
0.158494896,1009.970707,1.856846339
0.152229581,1974.684023,0.84547945
0.071152122,1704.154814,1.030666269
0.212666177,403.453822,1.176158745
0.279683481,1740.219949,2.135893855
0.081881668,1139.19338,1.972180009
0.130369053,358.7910915,1.597776896
0.154684221,570.272285,0.745464745
0.083344949,1752.463007,1.414609358
0.121770001,1132.912452,1.58212047
0.236760606,1401.047084,1.78954646
0.231518386,1297.99756,0.856098575
0.119964839,848.1314934,1.215458003
0.188073677,1646.408164,1.089099503
0.064921663,995.5743353,1.374561724
0.150141145,1092.822112,0.834316151
0.134635469,908.6358867,1.30250723
0.224144897,716.4972049,1.559286684
0.287966693,1437.080614,1.695211692
0.127157587,1683.226491,2.050993513
0.217772183,1305.977693,1.656901432
0.2204419,1041.233207,1.702105763
0.127341364,996.9970373,1.493765853
0.144118984,1472.625445,1.752175483
0.13859649,969.5166871,0.994668973
0.169305486,687.6338672,1.288352021
0.187119758,1344.477285,0.924191736
0.20183751,946.6539619,0.874895607
0.223784258,629.3653743,0.7438986
0.139413133,1386.230917,1.149151219
0.161765765,1789.594844,1.175525277
0.238525081,1748.624726,1.392013309
0.243505853,1878.604191,0.898048432
0.25746541,1029.583435,1.654600568
0.151577676,1780.342945,1.253759893
0.119639098,1894.616896,1.541250966
0.13507405,534.6347645,1.840018654
0.120843546,1294.18965,1.244971591
0.180922584,1972.870408,1.715596742
0.121985223,2178.463825,1.395405285
0.211570367,1819.142952,2.10169927
0.129165603,1381.757902,1.233339505
0.204585081,1036.924254,1.373336232
0.212987709,939.4656827,1.858180692
0.22572846,809.0903172,0.7304818
0.172963299,1498.972692,0.959288838
0.119216616,702.8629067,1.95930464
0.231442157,902.0072478,1.734312161
0.211316055,1789.228186,0.798049746
0.076884694,1717.040692,0.931742991
0.092309706,908.5727741,1.628556654
0.182993594,1786.048814,0.964692791
0.226048624,1581.223216,1.596789069
0.141003622,867.3078816,1.873259818
0.140285697,1681.083741,0.914226077
0.210758204,1915.488771,2.09857415
0.288685768,1002.013732,0.983793276
0.135587773,1053.695052,2.145197506
0.254872139,638.4361927,1.46086189
0.137103911,1328.683618,1.142062424
0.153570749,1867.947788,1.312148753
0.0645996,541.4320891,1.443422724
0.136009562,262.44202,1.93905011
0.054368067,1414.020424,1.605819285
0.248110128,1128.760329,0.995814142
0.131148467,1507.865378,0.83742315
0.081974572,1112.44642,1.680509549
0.073663395,1338.823978,1.041683242
0.199469524,1999.896429,1.120049472
0.263842919,727.5938189,1.619350245
0.184843819,1803.957648,1.879729699
0.115611209,296.8871092,1.134357798
0.104648792,1443.657046,1.534524569
0.051764163,751.2347271,1.929338892
0.21343364,264.3785481,1.798590392
0.120456017,1023.578245,1.81842457
0.225937033,1629.403019,1.182833452
0.043013257,1387.400676,0.923152204
0.245840405,1640.435923,1.232233778
0.063079757,1735.891837,1.819743462
0.169373597,1971.830154,1.63748599
0.199819988,1609.973438,1.09453937
0.237381542,475.853453,1.271280979
0.165030023,1908.874915,1.68969665
0.07794522,1223.070601,1.283495049
0.0850056,1548.169131,0.881714239
0.237705748,2016.170311,0.997714121
0.152071115,1655.832807,1.151145201
0.184016616,1108.895778,2.106040037
0.261674743,246.5876345,1.706618073
0.129326163,722.2048662,1.463060182
0.200193929,1663.733539,1.807311652
0.156473738,1188.617135,0.722811525
0.044026416,1406.456438,1.917958086
0.156375064,301.9112996,1.66910917
0.120238657,926.0121148,1.376255715
0.087596055,1244.553211,1.348981804
0.159650202,1669.919615,1.491223548
0.125010314,1625.288419,2.124860681
0.130394064,1935.837001,1.063154966
0.160107236,1276.617316,1.334365649
0.119594891,1294.781474,0.856459477
0.047062142,1124.181882,1.058380944
0.231804855,1001.152626,2.079589648
0.06069046,561.5592288,1.402654975
0.042152328,696.8606699,1.634723092
0.1841532,2086.328082,1.357844722
0.108961053,604.9984646,1.531545434
0.231103311,2039.794921,1.54414998
0.186824947,230.2459011,1.902386253
0.211144416,2013.197256,0.808080032
0.2627988,1454.353848,0.793893964
0.086684381,513.3268452,1.563748532
0.223040631,757.2614797,0.938909548
0.078476893,1885.397042,1.038416727
0.177625661,1555.438629,0.983161971
0.134157627,1356.798253,0.762065029
0.071816785,459.9248158,1.108258469
0.153033314,989.9196389,1.272631404
0.143833487,936.1224044,1.61911476
0.227748626,1186.342522,1.233419522
0.133089915,1402.115693,1.1962256
0.156849494,1332.881092,1.488602273
0.05205405,1952.625523,1.291518857
0.144474304,710.9126346,1.542629901
0.283522099,1299.819538,1.719555087
0.07620931,1104.657098,1.532169085
0.174566391,1348.410565,1.359784048
0.253923122,1471.602085,1.479337503
0.245946836,571.5736771,1.490935688
0.154996796,1565.349896,1.679262789
0.162475432,1565.583308,1.843525645
0.253130451,825.9094632,1.729722632
0.149422141,156.2983176,1.40410171
0.203190056,1507.464555,1.69337114
0.186040678,1612.587827,2.061157423
0.059319114,1000.085708,0.732929159
0.114103491,1159.63136,1.820231426
0.162761197,1481.921077,1.872625937
0.099233103,1381.315717,1.738125936
0.051214238,1766.989318,1.304585467
0.170278313,1797.816773,1.575735448
0.152156981,1623.573797,2.000791866
0.202563687,1112.76455,1.77184952
0.190001877,935.6146662,2.016850705
0.110164115,1129.525947,1.678186827
0.204276619,1822.385422,0.861794615
0.201937251,1062.8951,1.659635391
0.188860125,2084.872828,1.487798252
0.140930002,919.536884,1.521587236
0.186621439,1103.885532,1.553876983
0.142015844,914.2417694,1.597778372
0.197895525,498.4230906,1.659660063
0.284073354,989.7211889,1.931391513
0.229443227,1493.932757,0.996154388
0.061679872,358.4579358,1.329276365
0.15842031,1128.832024,1.882301239
0.156866188,1426.223127,1.666189449
0.080348604,953.7479375,1.943128968
0.065337326,1900.007371,0.879699793
0.081024343,1230.994197,0.885696799
0.107026177,1781.747515,1.249995363
0.020757431,1384.072991,2.037281041
0.170419894,1412.943101,1.934932933
0.183088877,1663.23835,1.095985586
0.121906654,1089.12329,1.965968882
0.086729966,1099.054011,1.160573853
0.127799054,1175.642234,0.794465219
0.089498793,1487.152575,1.268315469
0.128835306,1996.40451,1.765705008
0.165509128,787.3158311,1.206687054
0.149945955,1686.043556,1.605580563
0.090538814,801.2228661,1.682869045
0.141742668,1378.746171,1.760017794
0.167969036,1820.900753,1.449820615
0.132508421,774.38809,2.106445902
0.114656728,1195.413578,1.77484373
0.239239439,512.3770174,1.491228729
0.133394807,1342.605661,1.602914462
0.154803459,327.2108924,1.891202149
0.096897651,2032.799885,1.394606293
0.068727198,1126.472383,2.106420654
0.128727713,1612.94016,1.676673135
0.121811248,1006.339528,1.574532589
0.194864702,762.2570543,1.726277631
0.256669601,621.36647,1.998677101
0.143366194,1464.417586,1.167422077
0.139103986,374.782348,0.854741125
0.227699834,1365.166021,1.157335734
0.178142563,1463.266989,1.795501579
0.117143637,1358.941671,1.639748912
0.124766201,781.7871493,2.056782897
0.090827415,1020.965174,0.922355512
0.249072212,1072.344021,1.998881881
0.132934084,1637.473719,1.705369781
0.1920132,1803.873475,1.732527864
0.161177579,1215.079497,1.564893899
0.204658561,1104.778682,1.967629633
0.221400133,712.6773874,1.424175855
0.256970718,445.589142,1.855798514
0.298393152,1638.66738,0.921028811
0.200041864,958.3607855,0.991852781
0.179238544,1599.382284,0.991961385
0.154388082,710.4237447,1.56091318
0.194839675,1594.272311,0.86134109
0.187522962,1819.691566,1.830611948
0.094118409,1146.776024,1.002322226
0.165511325,454.4470655,1.045558988
0.193611716,669.0566178,1.471801505
0.169614099,257.220036,0.972202559
0.097959581,905.3402828,1.294801772
0.195081572,1331.229502,0.996896276
0.049599165,1619.572916,1.339064572
0.056706765,1574.703519,1.442223014
0.165721356,1471.325159,1.586344767
0.195936375,1547.346694,0.916987784
0.272503866,583.5922879,1.487100106
0.092832752,226.1837099,0.768683453
0.103712808,1123.452815,1.539958985
0.119359507,157.1990339,1.148874824
0.183580363,831.204094,1.143136466
0.058550142,1144.745398,1.676699675
0.25236317,657.65395,1.840885207
0.17020261,1637.025935,0.875315761
0.121808723,1362.551718,1.148423651
0.1645669,2021.674854,1.678145852
0.239557844,898.5914079,1.082137494
0.217386902,2073.819671,0.939955159
0.239282943,812.7765695,1.944569087
0.116731641,1471.544695,0.900512245
0.228420085,1523.145993,0.923432367
0.263266535,1637.788306,1.682896686
0.159612845,1115.551633,1.47743899
0.063866197,1405.987788,1.087676763
0.047736299,1116.842994,1.33316715
0.174655866,1767.235261,1.083286709
0.138723883,807.2855284,1.295184897
0.20122829,1349.838271,1.880491196
0.172448763,1829.997233,1.12068264
0.206861257,1761.228999,0.791193672
0.23421421,1036.655014,1.0003892
0.133930714,1232.95977,1.867191927
0.149287543,420.5648532,0.91651978
0.163897977,869.8360221,1.813802635
0.181346432,636.0456923,1.984181701
0.046978364,1409.684985,1.055886381
0.191813504,1843.890267,1.241382308
0.082920001,725.7883438,2.022370326
0.058634709,1627.202649,2.107523386
0.037073223,1298.54716,0.934055991
0.038846643,2158.415893,1.527846871
0.160231371,1964.785159,1.941544995
0.231728945,1369.413983,1.867514258
0.067646686,1760.088875,1.769655965
0.105383213,929.4497922,1.008761734
0.173141986,1697.372761,1.471040176
0.057010501,348.2485001,1.013551382
0.18009875,985.2164662,1.862936365
0.103506128,226.9868698,1.791552611
0.07015484,885.6363863,1.806987667
0.193090094,428.3553632,1.150244218
0.059051964,1651.879998,1.132067231
0.126590694,808.4905003,1.303830443
0.035197014,739.7480895,1.664914015
0.217748011,459.0180824,1.524744995
0.106655452,1469.232727,1.443298952
0.15417048,179.837211,1.596844252
0.094713947,1768.321297,1.866576758
0.159509565,542.1848851,1.553875032
0.067895805,578.1688391,0.754295326
0.152116354,1809.699328,1.374808835
0.248689147,1651.241755,0.877566113
0.217925441,564.3372248,1.265659691
0.225925653,1602.135128,0.825040512
0.283319399,740.3546671,1.274455248
0.063243873,307.4043697,1.360215808
0.129023546,591.8577754,1.033201878
0.20832696,589.4143148,1.237211239
0.102262098,2154.886702,1.898131674
0.285836639,163.7905058,1.775235217
0.199782984,882.4612335,1.616632556
0.13517527,633.2157448,1.464524341
0.101363284,1505.733209,1.202361996
0.170728232,1215.701541,1.633093744
0.093151468,528.1313087,1.004406986
0.053430943,763.4108214,1.276225084
0.175579528,787.2913317,1.817988187
0.171706491,2079.688653,1.176976242
0.174905804,808.7421779,1.346298915
0.239384704,792.6239201,1.231406555
0.250283733,1548.741939,1.933003544
0.153612711,1844.950693,1.351465828
0.145872436,514.9100837,1.635252498
0.144963943,1033.710071,0.790869903
0.036283935,1905.651661,1.412764042
0.238751917,1992.018575,1.416431472
0.22444709,1166.895419,1.566119612
0.243031689,1363.599668,1.612975181
0.132412588,693.9114963,1.015306093
0.154499496,1082.705143,2.138651596
0.16666149,2020.602862,0.997001513
0.201398596,936.6535293,1.771190311
0.279908483,949.7785574,0.72408205
0.282076196,1400.109123,1.669065782
0.190190069,1553.864554,1.147880953
0.079196885,1114.233674,1.636990967
0.164563561,1354.928694,1.179398587
0.182458019,896.2105638,1.279391023
0.291956629,585.7564057,1.052316635
0.114611328,628.714776,1.164988153
0.079874924,962.9081352,1.065387355
0.14764637,1574.001551,1.925623672
0.254797223,1432.326991,0.837441628
0.276853859,1388.268052,1.877511843
0.286612014,1489.079367,1.582230327
0.212091923,1188.118123,1.23416922
0.284994232,1702.752678,1.976770671
0.081902268,1117.978656,2.004646616
0.127533781,1134.891375,1.942042716
0.276142089,366.1575684,1.279975601
0.26937107,1254.726442,0.756838001
0.27543441,1043.840867,2.008307527
0.107333126,1612.970178,2.077536572
0.166818063,556.1294711,1.240807448
0.267841093,612.298716,1.714227318
0.211363162,1806.06874,1.662009782
0.104290425,560.4307168,0.954839169
0.075285209,1610.731159,1.701443624
0.242992038,843.9115507,1.291989311
0.206913974,1247.160118,1.262154462
0.171590762,1682.315373,1.72086116
0.153506367,644.6755477,1.137006222
0.196434302,1610.065491,1.907947712
0.179256019,1694.04442,0.997474727
0.165521538,1446.778631,1.779442878
0.109555327,1658.096763,2.002244406
0.29438106,1228.943843,1.369788137
0.298610823,655.2332892,1.077106145
0.178009627,752.6372878,1.017267074
0.05552487,400.8313515,1.305401784
0.120339445,2145.728457,2.000168388
0.086279582,1783.874654,1.894775389
0.258206769,110.8050003,1.407616005
0.135682153,1382.362867,0.973314658
0.209345136,1263.751727,0.96293444
0.227729807,1402.007258,1.313635511
0.210861774,1041.443717,0.852063541
0.179697447,1316.468778,1.105657718
0.232197664,1024.878755,2.00210872
0.233963803,1905.547926,0.927737258
0.037653088,863.0049961,1.193071669
0.107103555,454.692755,0.867972948
0.18197847,1603.552282,0.979572583
0.174463948,390.713558,2.093033178
0.205054462,819.7203704,0.989227883
0.248082747,1740.489608,0.92267254
0.116367177,417.1898142,1.544114775
0.060592206,377.2341363,1.236433198
0.153010175,1194.216836,1.112349932
0.128708432,1687.579862,1.086228717
0.169959575,460.8102319,1.413970859
0.147975377,435.6379801,1.277510462
0.06614762,598.5122358,0.928646618
0.15531598,1101.304898,1.912950286
0.030785987,1433.373702,1.041694233
0.143246879,730.0115636,1.998231175
0.22847819,1890.204135,1.379654693
0.253075331,1751.079707,1.848850065
0.267084617,918.9887166,1.899393546
0.10298815,1368.665735,1.182683532
0.130224651,731.7769106,2.078224879
0.038671503,593.9318716,0.920516299
0.02671793,975.4874682,1.001620063
0.224665382,1327.203263,1.672440672
0.27563991,1126.929199,0.909964287
0.179076989,1660.409398,1.257478391
0.194759538,2193.159943,1.378880244
0.07669824,1209.002222,0.961903759
0.226031505,796.3090612,2.011989387
0.243465841,336.0776553,1.173954116
0.17605088,642.7988099,1.823247385
0.177421066,1927.346422,1.235108605
0.179841782,332.7300558,0.873711062
0.204262753,2165.825007,1.327418381
0.095028696,1158.515582,1.942234641
0.194170559,305.1026571,1.922503622
0.075849954,1315.250974,1.985737798
0.232192197,1402.954554,1.477190254
0.084061206,1782.673672,0.898088917
0.139286204,1309.894434,1.305270415
0.219202751,336.6808239,2.036768557
0.067325811,2188.101731,1.590752062
0.071295726,1150.536406,1.502684291
0.232539113,1385.279426,2.042909887
0.069482634,969.4855161,1.637269188
0.219341729,1013.649736,1.178988538
0.147132093,269.4046659,1.569330555
0.06765331,427.9434574,1.462179873
0.151420702,137.1690562,1.386123858
0.283308326,1172.270723,0.956895757
0.263565945,794.3598914,1.477546963
0.162578345,732.4308951,1.474778849
0.053581154,1296.751089,0.845665105
0.204321137,875.0443742,0.892593365
0.290065189,1385.175612,1.365728073
0.176487897,1097.328337,1.102639027
0.205399542,310.3924918,0.894589614
0.137029159,1628.189596,1.054677494
0.244280473,1932.878172,1.472025924
0.169325881,1994.072314,1.70246308
0.12743579,252.3268124,1.051326266
0.253101803,1660.18693,1.172386132
0.159187315,1267.565871,1.685515372
0.209821199,794.4542423,1.17044949
0.23631757,900.2211286,1.752980836
0.048712495,500.7740372,1.761322112
0.230204809,634.4390474,0.830563703
0.188616038,1631.072581,0.883584256
0.216774904,1601.341929,0.832757262
0.090248625,559.8584592,1.09406758
0.217922224,969.9941467,1.016272449
0.182011569,549.4077359,1.039035396
0.272413742,1774.046641,1.408650372
0.170236924,1194.969896,1.956542326
0.206386909,777.0346987,1.235210677
0.125118445,937.8922817,1.333070462
0.128782385,1298.326716,1.007204573
0.110473871,1719.294935,2.000572068
0.030163514,1417.741555,0.978695383
0.233177439,1763.52109,1.046963036
0.124240236,1304.308277,1.837327854
0.1817162,1951.415611,1.518113237
0.173644568,801.1063918,1.36676876
0.128228562,1197.29667,1.448960864
0.224253304,1178.143663,1.3537753
0.064099817,922.4636982,1.131574804
0.189901906,1696.959387,0.941719011
0.141838272,2053.921781,1.349740771
0.19961991,828.8566826,1.903545462
0.135874014,949.0449417,1.960554136
0.108233052,759.9282452,1.79209075
0.081277834,1346.656898,0.9120777
0.16364588,1424.025504,0.764216192
0.102203292,1788.78583,0.900249272
0.230496182,800.1957949,1.278074761
0.255980065,1024.90159,0.863556279
0.14723933,836.9288361,1.29893508
0.236559669,1014.693002,1.426149633
0.144401743,727.0451054,1.851595397
0.094104693,867.0705234,1.754653383
0.083903443,2122.877455,1.517930956
0.170469957,1468.35412,1.640645249
0.189641633,1272.335844,1.461354644
0.097483716,1214.262439,1.627874194
0.200015454,548.7151842,0.860251172
0.101021689,826.404709,2.000646148
0.141667051,1142.820865,2.122795391
0.174733586,1031.069561,1.381643756
0.155043092,698.91364,1.117197344
0.16565843,1078.408219,0.737761251
0.275488006,423.0816393,0.906123738
0.175192077,1231.568157,0.87733509
0.191464304,866.9248212,1.888936819
0.096107109,726.1370506,1.659371244
0.237297116,2041.371503,0.782057187
0.212935007,1005.353701,1.335149952
0.075652777,929.4419756,0.880211894
0.092275893,971.0091947,1.437374502
0.125205626,777.8759232,1.698814363
0.201921493,203.1610039,1.759094008
0.043900824,1948.073799,1.664999189
0.146503998,773.200605,1.286188141
0.103299927,1285.459301,0.950011895
0.157682713,138.3596708,1.39112102
0.245081747,1824.187193,1.885937305
0.240060251,448.9672166,1.975993111
0.259288023,2007.654242,0.922169803
0.13610504,176.2966968,1.190024405
0.106740411,1855.378211,1.559691168
0.19109852,2134.951459,1.106258985
0.26106337,1165.625287,1.025198427
0.096677857,1180.081404,0.7413646
0.177162782,1051.298867,1.59874631
0.133825281,1522.273917,0.982440993
0.130601738,254.2905364,1.467661437
0.182639402,633.5890464,1.361673998
0.030033647,1418.372779,1.830282706
0.039639702,1115.165449,1.161228254
0.229720217,746.5896935,1.209952804
0.11575679,934.5137687,1.235467306
0.169720785,1069.306527,1.85974513
0.196415402,1369.822132,1.175885606
0.274929393,582.784543,1.74137453
0.158752849,1117.930919,1.735757895
0.100103895,1191.990447,0.735049794
0.160819147,649.238414,1.850121478
0.20336477,1656.085725,1.14124962
0.025307614,718.9806047,1.618112003
0.185461228,1332.827708,1.204393419
0.122170085,868.9400661,1.303402946
0.176162674,915.501728,1.937996766
0.189396363,373.5105664,0.97963542
0.141105894,543.4703466,1.244060795
0.120918769,851.7636565,2.056063017
0.252200837,974.0932823,1.678187975
0.101826447,1768.102428,2.090698236
0.092963687,800.6631496,1.684795792
0.069153201,1672.701279,2.13746369
0.097027488,1216.560428,1.199562447
0.165441309,863.5600312,0.982302033
0.188173504,915.3457706,1.486355962
0.053519345,1587.194491,1.41311344
0.267035086,1009.938195,1.388813569
0.223842876,882.6558807,1.705964352
0.12943776,1711.407524,0.752468353
0.180115756,1194.78061,2.064197787
0.208541503,1058.197905,0.759151959
0.198351582,966.5567338,1.044544229
0.234264037,154.613849,1.849142532
0.116996618,1590.477317,1.808352365
0.146040888,433.8837934,1.782636388
0.160783278,2041.226753,0.990130202
0.058230624,634.9106676,1.613942426
0.273069584,1136.70542,1.726445666
0.211898477,1185.570941,2.078617132
0.027806399,1021.755272,1.274709256
0.094840743,1472.540201,1.8314065
0.170324539,965.2499715,1.500304089
0.2800537,1466.577622,1.772435029
0.233297166,723.7303704,0.988426138
0.135987068,324.2847929,0.778455049
0.219013931,999.8487244,0.817472392
0.066146576,1249.647581,1.114068187
0.16153184,727.1363884,1.611344203
0.060974749,1205.16284,2.028507109
0.130975397,1697.986928,1.701271016
0.191586494,220.4992509,1.369257198
0.027924275,1572.180981,1.712177859
0.261241592,1908.790158,0.735878434
0.193222303,1698.271418,1.250582908
0.187862873,2031.806533,1.981196369
0.191061158,944.3961005,0.981525763
0.270079914,794.8888921,1.710902647
0.289808878,1358.371927,2.136860771
0.065973408,913.3771642,1.568458274
0.241292672,1656.733243,1.806194315
0.065705633,1190.099033,1.477434772
0.233392836,466.011286,1.751703734
0.027643434,1160.112937,1.196218308
0.180290024,1835.524298,0.886993134
0.199977786,931.6542059,1.834808448
0.186242216,1385.196098,0.905997501
0.089755667,1241.760124,1.808498526
0.128427962,1737.982397,0.752242703
0.238226153,601.4463698,0.92901836
0.139021212,518.1310531,1.245889026
0.222806356,482.376616,0.718105984
0.098807011,787.6411453,0.982518921
0.252990381,2016.812251,1.549126885
0.174134009,1312.336069,1.148991632
0.180952863,370.2972719,1.90068628
0.190916524,1134.149643,1.803045657
0.295530289,509.9149792,1.096291805
0.106381914,939.4186617,2.010152707
0.244668515,1642.077714,1.715310623
0.202932374,1300.502119,1.955362044
0.215176089,545.0818498,0.977292881
0.149427108,924.1976541,1.428263779
0.269844176,520.5510325,1.952659871
0.15476485,841.5495643,1.527512835
0.088898114,851.6958174,1.335602455
0.105057245,1136.923617,1.077921022
0.147828149,645.232477,1.326190292
0.154261555,374.4718276,1.42866826
0.127677196,1479.075367,0.761994001
0.103644077,715.48152,1.623244446
0.185697776,631.5349795,1.873381087
0.137920606,916.1149962,1.136044947
0.150904536,435.3414431,1.46766012
0.200375296,847.8896349,1.617919665
0.143298485,1880.064203,1.00587403
0.206460533,1962.818429,1.446962953
0.225153395,1261.259165,1.838758668
0.175376768,659.4616047,1.16253924
0.112404077,1761.911459,1.813274721
0.123096635,346.4580095,0.953952783
0.100092788,1221.565916,1.400597753
0.098523744,1979.278796,1.207155139
0.183892131,1333.369608,1.277896531
0.23247209,1612.765807,1.745557792
0.146861276,695.2040002,1.227233452
0.154151049,401.5290224,1.05955551
0.032947281,1239.075459,0.896996634
0.267476851,1359.363361,0.838885893
0.03409586,600.0342723,1.103001766
0.109736794,470.3365721,1.076781862
0.298433984,1174.489513,1.395407544
0.032685943,1496.364766,0.776878031
0.283731399,348.121924,0.961590585
0.078549192,1733.973105,1.978750164
0.267471884,1021.323669,1.951571404
0.092703923,883.855036,1.352169054
0.144815182,1758.552649,1.559307763
0.250242451,1279.632266,1.268176698
0.261706784,1295.836755,0.716282619
0.092715441,697.8098428,1.355652696
0.177334694,1076.855664,1.881175552
0.129092677,329.5900938,1.594140861
0.094977698,1990.46067,1.87111722
0.10089113,830.8867593,1.643924773
0.215516058,832.2367798,1.356637483
0.25165214,1263.212381,1.062982265
0.100980873,1053.490389,0.915006096
0.102843384,345.3940482,1.0640832
0.045860357,1290.149317,0.734239262
0.036030857,1724.104794,1.472520341
0.21297822,1569.201179,1.687995172
0.074863795,599.9739238,1.413323088
0.169089532,677.5336115,1.120496666
0.153445894,1123.320269,1.062301011
0.229758378,1914.010197,1.965738713
0.178972882,1530.709761,1.538118369
0.062474049,1242.806037,1.48837037
0.114701242,704.6328558,0.855865218
0.193757802,902.2364762,1.259939743
0.091009226,833.0808594,1.74483084
0.15584689,995.476978,1.559150885
0.086221492,812.172186,1.838725145
0.277979254,1154.768983,1.174343495
0.182523571,1626.983171,1.662739932
0.145515401,885.8746235,2.088786278
0.214776051,719.4900245,1.305378644
0.04726873,563.4424376,1.399666812
0.249515164,1594.285863,1.209702709
0.138561873,1647.694736,1.417885788
0.088063693,919.6608366,1.685762551
0.263444785,1277.800249,1.525519115
0.231144774,1248.256047,1.30483436
0.286592354,758.9325453,1.259608604
0.115498528,1408.416558,1.972415718
0.071004203,748.6913974,1.175064819
0.143353246,1463.647675,1.24718966
0.185439019,1052.985257,1.275505404
0.228274292,1112.037771,1.049384149
0.236703857,1153.684199,0.98582851
0.108699211,1133.940011,1.96294604
0.273652616,1097.002167,1.838521996
0.213343331,1278.126357,2.107982013
0.246330957,337.6943242,1.821851055
0.163280685,713.1104194,1.93163492
0.177629902,1415.441969,2.134534292
0.20599738,676.7067324,1.39172605
0.235048694,1869.172613,1.697665067
0.163841343,2049.109722,0.959352666
0.185920076,1748.658189,1.732228454
0.168832466,876.4822552,2.097267148
0.262938406,521.4461997,1.08811663
0.156765171,1403.12765,1.070183137
0.16545672,1550.839684,1.248393901
0.087169043,803.5382778,0.912159123
0.248077741,1637.759912,0.787150466
0.178111877,1931.064138,0.910137721
0.141052092,1605.851126,1.732259868
0.098972565,1040.404499,1.600640281
0.153122083,1365.951904,1.190448896
0.203589383,1457.847064,1.263782375
0.17044311,1264.169368,1.266180858
0.078622801,1875.163101,1.125931685
0.205049172,564.7242972,1.611559952
0.145422754,888.6587066,0.827229279
0.196165536,1135.896955,0.737008121
0.176335836,205.2778207,1.731977128
0.093500528,1108.881663,1.724022099
0.182995851,1376.435685,1.933664037
0.076246279,1429.633858,0.94375541
0.175847224,1528.880986,1.234798446
0.12424096,724.4067181,1.587546658
0.041288246,1584.418768,1.859426455
0.296086221,596.8309363,1.433134567
0.171255254,1434.544544,1.441959197
0.096910148,876.2136974,1.506509037
0.221818659,999.9115914,1.433101237
0.160200416,478.484719,1.301188247
0.194217298,744.4847014,0.884953773
0.259584695,1817.889248,0.967196056
0.162972473,322.6064531,1.167553267
0.14055633,1296.461428,1.508555211
0.173586584,463.2281003,1.256638481
0.144448172,855.969202,1.17717917
0.179794252,686.155929,1.501914293
0.19721117,1377.438912,1.673710991
0.163915278,1464.069919,0.911395507
0.077161895,614.6034426,1.39344647
0.171992769,1224.816436,1.533618107
0.075829192,1009.625934,1.61325366
0.176956622,386.2118742,1.771743426
0.093152536,1191.812317,2.087848537
0.087269483,801.6337942,1.801632248
0.150631114,1877.44016,1.630862789
0.152832794,250.3047796,0.809864042
0.074665051,865.938507,0.903188914
0.176059368,1554.336002,1.796971814
0.278306893,640.2053864,1.3987294
0.080220492,526.4051116,0.78489398
0.030809286,931.3371757,0.958174806
0.178701591,1631.297638,1.847515529
0.199645758,1401.800879,1.28136816
0.266207559,1237.520769,1.18477674
0.050473906,1154.031002,1.944119694
0.05162786,312.5008111,1.873578598
0.205772671,1355.572985,1.45405161
0.1146709,600.5064854,1.62110102
0.102712644,587.3851944,1.302792374
0.194170847,2002.583472,1.011219557
0.101687034,1055.321671,1.940840918
0.191664167,1644.131707,0.829654151
0.190198478,658.1068331,2.123780219
0.112365955,1418.794977,1.123242346
0.09460816,2117.390831,0.719626041
0.297377171,1360.170251,2.126131221
0.214570367,599.6450954,1.515562259
0.264918898,1047.93625,1.510119768
0.069928172,1181.080327,1.357688111
0.211031019,1413.262139,0.82896062
0.19916805,885.67952,0.952109508
0.21641228,1555.686782,0.962024584
0.168136836,617.5865295,1.698269608
0.148614705,815.8759742,1.280220717
0.257113503,1332.695231,1.977124752
0.213577199,950.0121286,1.145550231
0.221107654,1082.804933,0.993677593
0.128545366,1331.583489,1.313438035
0.030482969,1506.564032,1.754706836
0.221769665,708.1627072,1.467838663
0.280837798,624.0295471,1.164686759
0.095350066,896.5831193,1.437948439
0.278932945,764.1989846,0.87936485
0.03359226,1813.985214,1.630523148
0.138830493,1206.445031,1.83861488
0.09211741,1041.868264,0.968435122
0.076134745,1097.332317,1.8954437
0.096319622,886.7092225,1.22272122
0.156365565,1201.394012,0.907408738
0.142451767,2094.192291,1.324170752
0.166798279,1626.111499,1.974420648
0.104435182,871.9705183,1.875295229
0.124753234,569.742401,2.081235702
0.145056083,1198.424327,1.945934192
0.114350938,1341.753515,1.999442452
0.201823793,1326.703141,1.317127337
0.1636055,814.9830927,2.061692034
0.126683739,1481.11249,1.094030589
0.145483647,1364.30806,0.825348773
0.202195362,150.8657337,1.688646746
0.077637832,1061.146251,1.172841057
0.103069225,1510.888176,1.081405158
0.105677522,1928.430842,1.683208465
0.161980104,1156.585277,0.811864504
0.171013991,1066.993631,1.813283511
0.044564634,233.0831098,2.032980064
0.293703167,1073.884514,1.597347241
0.099531182,1353.695616,1.055320501
0.185215539,1524.205644,1.661732962
0.23462914,1161.592475,1.087751558
0.132255575,601.4002763,1.698719919
0.135295134,1599.069613,2.012608936
0.186946163,1030.172906,1.087136894
0.161530441,1107.482221,1.312261834
0.17415999,1371.56694,0.945618975
0.108920685,1052.191416,1.577848831
0.094262061,1530.036635,1.136478586
0.196477457,711.1175555,1.836911396
0.134992825,1653.802971,1.634624009
0.154849777,397.0470021,1.871885143
0.052974279,286.7782159,1.003266312
0.182760376,1188.10155,1.264180591
0.260249988,1881.636947,1.948613985
0.188641352,1756.570026,1.693859485
0.119413013,1785.522964,1.924836464
0.142150487,258.8584479,1.918575091
0.144788929,2012.15517,1.850609741
0.023209265,1220.345449,1.738650111
0.118762551,1211.86821,1.157406335
0.208606039,1220.019914,1.572934262
0.082048916,450.8632387,1.227698963
0.133294361,1799.65398,1.62349798
0.15999199,1156.984278,1.338323104
0.07403732,896.8393848,0.789165503
0.214426809,875.6012252,0.813124875
0.102969493,867.4298305,1.022229454
0.225651326,2063.416235,1.943291042
0.284680551,580.8617155,0.750247515
0.169892698,1554.031963,1.194393074
0.195317596,570.9617111,0.874107543
0.247860937,1386.895589,1.296302001
0.19295338,1296.884679,2.139651955
0.205159053,1545.653153,1.523206058
0.145048837,1296.046524,1.918793265
0.138295175,1289.115805,1.658723358
0.087479272,470.4242055,1.128148495
0.074064206,1028.699292,0.885087969
0.204682509,1194.951563,1.171672722
0.201861335,1721.293398,1.627995719
0.104406458,737.1211545,1.358975513
0.176980333,2088.220112,1.614399729
0.226469149,963.4223147,1.538645118
0.111107705,2123.183555,1.598016728
0.137247624,1577.5406,1.211820703
0.115539117,690.3940583,1.578786205
0.242728031,1389.207641,1.44481914
0.16176281,774.7747535,1.893160808
0.260707073,1416.523819,1.041822595
0.150150692,1342.225538,1.864915481
0.169147727,1561.519358,1.805016311
0.050624719,861.8794207,1.966648508
0.214545149,626.063004,1.765300108
0.230799437,2031.788683,1.389334906
0.109037569,1064.930782,1.002422
0.266246385,1178.785906,0.983692224
0.282120857,965.9138239,1.752055454
0.228790589,1215.369541,1.784591644
0.091777737,809.9143435,1.331813615
0.04116454,903.3104881,0.924155536
0.131488795,1363.165634,2.112320172
0.271911368,931.4246002,1.534527458
0.118410127,1068.205937,0.876695043
0.184459547,1229.261456,1.756467727
0.167527048,308.3214614,1.37730277
0.221647085,930.1233485,1.042133841
0.223080389,519.7921545,1.478197072
0.222568127,463.7295276,0.956461545
0.119232747,1533.016785,0.846510622
0.107466318,993.3738988,1.327474059
0.100429537,1748.114914,1.181857299
0.257470546,1643.362234,1.07754756
0.15069169,779.2159865,1.266361271
0.17307369,818.8301645,0.730558452
0.031110048,1437.885448,2.104169961
0.02030527,1814.251791,1.743222377
0.106507971,793.7446947,1.48298729
0.049507758,203.7098014,0.768348999
0.080628728,2020.51049,1.981682313
0.116150842,1509.052696,1.539980134
0.036558505,1457.099526,1.562970296
0.147267251,771.6592141,1.483512466
0.114610619,938.567565,2.070606277
0.092618157,1605.299946,0.907752763
0.133549489,2199.438943,1.115857255
0.180129707,1509.560032,1.16837665
0.201436992,1049.500606,1.837117622
0.253367131,1465.224026,1.724932838
0.127162013,1616.716426,1.75780991
0.184651049,498.3814728,1.302568296
0.21785072,891.8774376,2.020837617
0.109372543,271.5680313,1.739189929
0.247278111,1572.903257,1.355129945
0.159283193,1364.303117,0.876615529
0.197487128,979.0558269,1.101838013
0.056801116,1174.568588,1.805344456
0.143615319,1892.230028,1.452696234
0.125441789,671.4310923,2.068288703
0.258235057,640.3613992,1.020289085
0.246448134,1200.571564,1.972727717
0.138159632,1562.12863,1.756619101
0.298246207,1019.868751,1.179895525
0.147149715,615.379196,1.642425573
0.119045601,134.5356824,1.914761657
0.187381637,1673.096656,1.017933351
0.153399144,405.0950912,1.787485096
0.205964524,185.9586108,1.751423853
0.226568631,497.8713827,1.381323506
0.171411474,1227.189155,1.522553327
0.165893774,1923.94296,1.310589686
0.27420472,1572.457348,1.509813254
0.113249683,1319.201174,2.011706081
0.222325472,1070.64807,1.834128278
0.148229207,797.6451053,0.967049095
0.101328737,1364.751802,1.2167504
0.174275339,1218.05216,0.799022449
0.256482659,1159.075088,1.270569566
0.056271513,1127.871124,0.71825277
0.132414908,1347.220251,0.940512229
0.109757034,1758.863087,1.913659931
0.291558707,1208.824754,0.765393502
0.044548015,647.645959,0.983317297
0.157011521,1141.375312,1.974755354
0.080449738,1433.358319,2.11752653
0.152225928,1724.385137,1.203584096
0.077790633,849.4513932,1.803488438
0.179472163,483.8620852,1.283970022
0.111110198,804.0452744,1.397958617
0.126495214,1258.088026,2.067055144
0.135503063,408.321069,1.277222646
0.037885027,1842.676553,0.972187908
0.061679015,599.46747,1.873167594
0.06724766,1464.153599,1.880385626
0.109251214,1515.149181,1.207719043
0.124761923,1671.510409,1.547640859
0.203664345,665.1332892,1.378369326
0.123131495,1192.174673,0.983440822
0.186789867,558.0928035,1.4639695
0.16846015,758.2603873,1.047628136
0.195112049,599.1907075,1.177895198
0.104774657,1367.323114,0.922396669
0.142192042,419.6705928,1.884436405
0.090294511,959.1159376,1.126982496
0.225587445,1926.367795,1.034622961
0.233148278,1881.333345,0.822444587
0.224549324,960.4104903,1.025596728
0.225085249,645.0252794,2.078781463
0.133449216,2186.356347,1.165624825
0.152360147,1157.748482,1.366859476
0.085042307,1505.011676,1.835060206
0.251139835,966.1315098,1.69435295
0.07909862,1809.359286,2.040395219
0.094261521,966.0091766,1.611498342
0.193359422,884.2668739,1.041509199
0.194388296,205.5531017,0.73093876
0.19508654,699.8463046,1.46182482
0.153942028,1424.645691,1.839522262
0.240184176,1854.076743,1.237326385
0.044397808,992.5423439,1.720240019
0.15580771,1271.366855,1.708990717
0.038702013,1418.255516,1.143404818
0.145676618,1783.993434,2.14758333
0.05961546,628.4709221,1.621925542
0.123130915,1675.398486,1.188949737
0.061427643,1550.296297,2.016099396
0.194828556,611.6406712,0.982164772
0.142642537,2053.76759,1.996654476
0.095038844,1306.787499,1.477408123
0.166468763,1075.381443,0.905924978
0.194898965,1047.391411,1.808717289
0.156359099,1992.92803,1.798337304
0.207130487,1032.592904,1.90989742
0.237112512,1880.851653,1.347891914
0.054853636,1266.420477,1.743603286
0.161292698,1594.398611,1.26457416
0.05941417,400.6672408,0.809739116
0.084394453,1779.554062,2.038637831
0.185275199,1535.562406,2.032522527
0.168864,480.9074617,1.550134511
0.131363685,860.2630516,1.871086503
0.104210004,1563.607718,0.863268141
0.215497605,1815.95367,1.201888329
0.084896272,1420.448818,1.779583946
0.09421965,912.1692696,0.723281685
0.036843345,1623.7649,1.017465116
0.063558226,1285.710161,2.047335759
0.260519781,1339.830899,1.653881089
0.186638127,262.7158011,1.807846974
0.046103269,1066.263638,1.504295418
0.239591798,533.6847902,1.329489678
0.147347311,1641.833986,1.701675967
0.141870946,1559.834854,1.598886618
0.072144786,967.7750643,1.16970798
0.07935964,1664.371691,1.768938229
0.262546157,499.1981238,1.15179962
0.192607877,1141.281587,0.756725722
0.179757817,1962.186028,1.436478947
0.099675989,225.4633819,1.488059961
0.120293127,586.1239034,1.561793575
0.146632157,1359.033037,0.883731679
0.283679569,839.8778549,1.544869646
0.057349327,1906.795068,1.783122188
0.076610673,1138.741268,1.351061292
0.053522264,1122.303417,0.839025165
0.137729906,840.5985472,1.113476973
0.098627348,138.395648,1.133756994
0.163771342,935.744929,0.998852904
0.052459574,2085.051447,1.068268559
0.130607413,2065.153606,0.791414609
0.0819763,1095.228775,1.718921211
0.19218575,582.0039891,1.762544303
0.101166186,1076.187463,1.244281664
0.134413638,886.1066618,1.093474558
0.12344574,2053.55102,1.060533723
0.139342033,637.0921798,1.468105196
0.141926217,121.4162386,1.239607937
0.070516113,896.5277415,1.597521224
0.111576014,1452.302218,1.387031637
0.175702908,1493.246897,1.108754026
0.097835745,429.9080925,1.724004351
0.076986656,1581.307888,1.345568409
0.196249891,1405.358575,1.230156088
0.201802363,691.3312536,1.07234415
0.254383531,1266.640017,1.139082843
0.099860867,979.9840079,1.624175057
0.142776598,1116.635191,0.906005649
0.038723007,860.3619677,0.868092517
0.249202522,1610.203929,1.229512419
0.071841614,719.511569,1.067704397
0.257843419,1374.218703,1.766094322
0.17861583,1139.811636,1.001658136
0.18313387,1444.329801,1.223410644
0.250100936,652.1971906,1.230357596
0.149233858,1381.587582,2.144125351
0.293549372,669.5641146,1.245290857
0.180424509,988.7004499,1.406455079
0.195644914,727.7003493,2.036326294
0.206892598,909.9953813,0.957643595
0.217288732,1461.323801,1.096198006
0.034308975,1061.616557,1.940634123
0.198466309,1555.156352,1.192064994
0.178733644,1866.677842,1.594413848
0.092452534,1853.882781,1.302434911
0.183922596,288.368217,1.702756202
0.204545227,1626.298304,0.968906984
0.06213511,1421.061488,1.740605948
0.126043006,873.9758924,1.410979579
0.10525626,864.9671289,1.976826709
0.153278005,706.6159218,0.999371992
0.078574645,654.1214559,1.312536902
0.143907234,1365.249373,1.787447225
0.041527712,1270.403234,1.455087827
0.152220024,1164.970983,1.187675512
0.114040555,1125.914515,1.470270803
0.043832591,1027.002339,1.355586131
0.122832855,756.5433282,0.865786665
0.091158824,716.6153266,1.319123001
0.155465825,695.4295764,1.839797288
0.201160354,643.0983155,1.704047752
0.110352938,1451.494927,1.344649533
0.207027038,961.0944808,0.930429328
0.235682474,738.7521669,1.8746449
0.278766442,728.4702753,1.506887543
0.101117971,1119.778813,1.747602858
0.07369621,569.4075917,2.114464852
0.195659247,1363.708151,0.92464767
0.111827596,1262.691993,1.503674113
0.114243721,1415.855872,1.959574571
0.043149045,1405.608052,1.222695536
0.20211622,1629.16997,1.6081278
0.204235858,500.5653432,1.44785538
0.139355897,1963.502769,0.730196222
0.164117996,878.8643336,1.111303609
0.213423485,453.3638557,1.91594614
0.193417906,1102.421197,1.622640353
0.281534842,771.3743178,2.007709708
0.161610374,1740.147075,1.392792717
0.233630864,2186.340423,1.05490958
0.174315558,956.2764848,1.71589959
0.103202766,1695.420122,1.933971405
0.205279663,977.7028883,1.043971408
0.103896947,424.7920011,1.43758832
0.087204636,1378.474697,1.340299136
0.186275048,1293.514501,1.947397198
0.201756553,1139.578073,1.078993998
0.151030364,982.4854793,1.228326216
0.278480078,1485.530727,1.971905701
0.223388871,433.2724487,1.363300008
0.143537066,1389.603713,1.652127861
0.032012129,1010.882645,1.294652941
0.183479676,1134.362982,1.006687506
0.059342448,690.0526861,1.777833055
0.277071567,625.5367654,1.467075872
0.053794938,1049.695166,1.62953994
0.136956987,417.7323167,1.463815383
0.154042356,2102.215311,0.909967426
0.170851838,1026.99878,1.477752379
0.147267261,751.037351,1.764299869
0.168186868,465.1810784,1.461856419
0.061590945,2012.65773,0.909658748
0.216755278,2062.509815,1.437365856
0.122196692,2178.913117,1.277086538
0.230857682,1651.363724,1.225352799
0.105503378,2055.579771,1.708741884
0.104435783,1160.309364,0.809892715
0.261937475,1423.029398,1.743753847
0.20268539,696.8515824,1.395855114
0.136304743,1615.937081,1.087055341
0.136507199,668.7660835,1.212950052
0.157987377,432.377018,1.63273415
0.0769348,1504.663793,2.052507174
0.224772375,1002.277257,0.716247645
0.054791611,748.7099018,1.027786979
0.235796169,1889.555471,1.234781284
0.281040815,1081.60905,1.979536602
0.215748508,1059.85026,1.150568531
0.130021316,1880.216789,1.425231118
0.093061992,2177.196476,1.515529957
0.199419955,895.8861105,1.456557166
0.123148759,1350.071223,0.861454305
0.122077154,287.396051,1.827873908
0.099823915,1320.190229,1.351374704
0.114139481,687.8139655,1.212926391
0.106011237,1045.716077,1.503254856
0.101816579,1390.926332,0.745739169
0.161658858,340.0372377,1.411781708
0.08537137,776.9740591,1.081889769
0.213329719,1887.870754,1.202441085
0.183231559,457.1142323,1.823859821
0.182934665,1660.23505,0.794275344
0.177109098,1584.118696,0.967138324
0.129820351,517.7625013,0.899088409
0.106191293,466.0976634,1.75599445
0.134964951,601.661996,1.01296869
0.197202666,1356.871574,0.756445364
0.167166145,654.8166027,1.484960503
0.177053674,531.7646513,1.004389006
0.059257452,1212.266381,1.74410244
0.059394713,1443.556737,2.118469756
0.06020838,1450.911496,1.365970526
0.168690097,1493.094842,1.967323581
0.183748059,897.6901288,1.844802469
0.179769917,1162.349236,1.75813093
0.115041764,771.3816346,1.66333805
0.200297689,611.512577,1.991575277
0.21215944,828.2489849,1.564983248
0.186042295,1366.006645,2.07575289
0.267426271,917.031224,1.48691965
0.114713341,556.5811172,1.421766541
0.173309421,1036.082185,1.200911304
0.298073414,147.6194571,1.150515057
0.205692453,160.8772852,1.633248821
0.241582755,1060.312134,1.3728536
0.290090975,210.116711,1.770805441
0.111556641,1376.505355,2.133465674
0.128365704,730.7006004,1.221480938
0.146074039,759.7594596,0.906366394
0.15277485,1390.544801,1.240838423
0.247313211,947.9463604,0.909232971
0.168292856,1226.093885,1.527362169
0.195258424,924.9581514,1.887507917
0.260147699,520.8530749,1.934119977
0.171060262,612.324084,1.443554685
0.256477275,780.793048,1.697929069
0.039342322,107.8977482,2.141537963
0.16615249,1068.190737,2.061833443
0.077162235,1137.11219,0.886300674
0.089642276,383.0619421,1.216126871
0.172183948,995.0607517,1.117718787
0.237281607,1055.92414,1.318452477
0.221310313,1647.259104,1.30658775
0.142934654,1078.973373,0.885448333
0.167596362,1664.138644,0.840796257
0.167303905,1370.177359,1.320469139
0.11460853,1231.788665,1.32714678
0.15346866,941.5911043,1.014816627
0.256996638,1403.7118,1.655178641
0.0577975,1908.820342,1.052676297
0.186411041,1555.156397,1.192164703
0.183484539,1023.900809,1.645467044
0.098475963,1533.55672,1.791272886
0.054774217,248.970209,1.404803492
0.238938353,1201.041731,1.896972537
0.240332254,366.1160193,1.702978937
0.130908411,829.6029711,0.973854598
0.217392892,1382.567246,1.559849104
0.049246415,570.5490521,1.466055826
0.144185451,1861.805617,1.449341727
0.158088418,1212.684923,1.585847708
0.196790867,705.9217153,1.610882796
0.126993526,1880.807746,1.811527746
0.189681451,1836.503586,1.424571293
0.264372458,1605.003192,2.020456942
0.241115705,1415.719952,1.063663894
0.133318259,1164.811879,0.827896782
0.186540841,709.2334721,0.8942543
0.159000021,1059.713705,0.971697891
0.249557552,673.457546,2.091971421
0.190988477,1422.748723,1.766687786
0.155778927,333.4977177,1.158543186
0.270618419,1142.711739,0.737438093
0.216167994,1552.968107,2.053831628
0.119214071,1042.157008,1.557105835
0.093593247,586.4179848,1.371364004
0.215388546,2011.544118,0.802388868
0.07535109,1546.99171,1.509190156
0.116066232,537.4546424,1.025598453
0.064900196,447.5240194,1.826987358
0.07973705,1526.611114,1.152736286
0.156811271,207.6319568,1.625612163
0.161816251,1190.834367,0.840354584
0.122239178,1159.653231,1.526917591
0.07417835,734.3760529,0.834414172
0.139277105,1478.338249,1.672279824
0.061560752,1146.408573,1.182017236
0.217130344,1344.109491,1.208496156
0.09869839,1464.583246,2.145686196
0.096850286,1118.523679,1.870377922
0.062544001,1337.12096,1.804601408
0.129678909,1123.618362,2.016030427
0.053533303,1185.630308,1.205555095
0.156374211,745.2065204,1.782611248
0.172937533,1680.984758,1.955302668
0.183212045,1036.561917,0.999877684
0.17141915,1142.472751,1.834932148
0.115742762,1726.108303,1.569866197
0.248947232,1950.120257,1.644305497
0.089166855,757.6618781,1.562752224
0.155095512,967.2460531,1.398055342
0.022162206,756.486614,1.489160961
0.252872725,1401.64914,2.046066017
0.068708703,274.8862815,0.891497368
0.215508569,1740.564489,0.778087839
0.122079517,1097.298369,0.72630366
0.138962331,1903.367289,1.131785891
0.193935735,1126.083559,0.908928327
0.13312486,1678.864696,1.435466755
0.173184672,306.4500834,1.274118523
0.263047364,311.4189155,0.918129788
0.155435846,920.8602695,1.467709249
0.180574356,1427.333342,2.083163227
0.196579283,1964.37996,1.04107188
0.280240369,843.5266556,1.256254888
0.152523129,186.0512601,0.843799252
0.18865166,801.0940035,1.155143356
0.242633002,1514.461053,1.422120814
0.186145558,638.1377008,1.200476564
0.288274723,1849.109799,1.33829704
0.155781752,1047.804381,1.802198989
0.035893182,142.4730423,0.915945888
0.164949412,1219.52501,1.320758664
0.132139061,1120.372526,1.942893144
0.119890724,1022.496097,1.771613297
0.235104377,741.4649539,1.446699143
0.124456534,1757.378532,1.913182837
0.213895001,609.589921,1.657086455
0.132614014,1042.574152,1.625022295
0.200468881,1523.958267,2.066148069
0.131885797,1465.146501,1.515701996
0.233063785,122.2105798,1.048293518
0.118448674,2090.886956,2.062950218
0.265873462,1234.96007,1.823820998
0.079105741,1753.877278,2.124977708
0.097418098,1009.247038,1.346529439
0.187805477,1317.771629,0.758649505
0.042406361,1628.148513,1.382056837
0.224974559,1549.582002,1.903622325
0.128848006,1530.858237,1.575043175
0.125888171,1954.547869,1.936348221
0.140037172,727.4394763,1.57835615
0.145118411,1136.067076,1.779298693
0.081184265,315.1928212,1.949885415
0.21963678,335.910513,1.374568251
0.041975043,882.4693726,1.292738781
0.086111441,781.0019734,1.095919992
0.144060463,1110.538202,1.642604865
0.239559319,715.4839264,1.522806748
0.227811144,520.7230149,0.935650099
0.274001183,1413.001278,0.983021946
0.19258768,1455.760755,1.049737423
0.240412871,1278.144199,1.934727496
0.147640866,414.8070549,1.706490127
0.146249682,1780.980314,0.821422642
0.076414767,282.8934909,2.028555172
0.179561901,1361.258532,1.643986028
0.11028741,846.6681643,1.8581006
0.153879533,207.7517244,1.248635998
0.095113138,629.5372509,1.565708993
0.182537936,1181.573591,1.824948065
0.190253238,1489.086522,2.034146066
0.188199346,1542.342497,1.141092367
0.154519615,1249.719615,1.681054772
0.13690494,1409.554466,1.026923835
0.192009022,1760.114765,1.689110076
0.144430212,1323.232647,1.260530293
0.140899722,1222.795114,1.445258965
0.172171074,1511.92309,1.790766795
0.221783307,1563.105969,0.774930314
0.2679793,723.7572881,0.739835167
0.093987703,1623.293617,2.019606669
0.287908167,362.2094041,0.981579332
0.217517309,945.1514252,1.016323258
0.178415238,1583.82645,1.441211353
0.064407344,773.0149113,1.166527031
0.1186931,1297.793968,1.236609408
0.09077842,826.5975803,1.973352421
0.068076077,797.1286479,1.422360383
0.270313111,1655.218059,1.758213229
0.098907151,896.1308588,1.743352375
0.220563105,943.0525159,1.712556561
0.186991353,1643.829376,1.759263021
0.214319691,1765.759405,1.713129679
0.244600439,986.34825,0.951329235
0.200145252,666.871731,2.010804983
0.113927969,1658.200573,1.57678241
0.124782088,1570.418757,0.881602107
0.241584635,1228.743329,1.320872316
0.244000541,892.4059134,1.474977415
0.217503365,1262.22382,1.873238778
0.024470104,690.2480916,0.998693443
0.077967721,958.4785883,1.592570775
0.20539801,1489.545818,1.56962494
0.295729598,1560.185495,1.108866673
0.124809546,1832.987358,0.78558602
0.284825239,162.3800991,1.666992152
0.088038227,308.9044287,1.627316616
0.183208194,590.270744,2.089202838
0.092301187,1454.174895,1.218925905
0.096837248,1549.88353,1.120581612
0.108334252,886.1645946,0.890916392
0.170114297,1341.568744,1.693627179
0.163981016,1278.88329,1.480577584
0.116811373,1073.31192,1.084882219
0.198594814,1554.564894,1.61232596
0.090419663,1027.427436,1.201090543
0.127896745,1824.45456,1.325649609
0.156773838,1363.031286,2.04061997
0.163203389,1404.565561,1.804879274
0.220245942,810.6485027,1.162422393
0.047502936,1273.950422,1.235785225
0.037135765,1197.238634,1.753458175
0.182440687,613.3147809,1.624731994
0.213082015,1137.509741,1.001185251
0.086501836,1613.737633,1.89414963
0.065159014,1321.181762,0.807077901
0.057304795,1669.596109,1.72422448
0.160289036,688.1675827,1.18610644
0.256042433,760.3023879,2.073464243
0.1996435,661.5831203,1.522099055
0.21339092,604.7923049,2.02281838
0.084900471,649.7883233,0.740251833
0.033267108,782.8406394,1.232476482
0.249449501,1366.00476,1.528912374
0.222027631,815.6332745,1.92851232
0.178803424,648.0295077,1.693579747
0.080359846,1204.663855,2.145654652
0.024895761,1754.622747,1.398232451
0.231045724,1756.945032,0.994565408
0.231871381,599.1940278,1.060182778
0.160605074,1483.069005,1.743055568
0.213326122,1778.776441,1.755611323
0.136529506,1732.263625,1.331406216
0.048001305,1470.409965,1.315414963
0.224136688,1326.17744,1.798325136
0.132357371,1690.66902,1.192385575
0.212231401,1679.833984,1.392435553
0.136034541,214.1779155,0.849783157
0.148164068,1326.432969,2.099446787
0.074487513,1241.949091,2.023363852
0.180831057,1248.881418,1.668601204
0.212089639,1339.12845,1.178669478
0.276779074,992.3298418,1.121563921
0.269227249,1370.007995,0.954077406
0.119296172,567.6860908,1.24194842
0.139711972,1926.557985,0.81678169
0.154837173,1622.847006,0.965779003
0.068684501,1891.011056,2.038192025
0.229444211,1800.821205,0.979177591
0.217188358,1215.402409,1.853007139
0.239223829,1416.835018,0.991619881
0.136217385,1594.219095,1.601115359
0.210481301,861.107498,1.577089676
0.23407901,1902.376255,1.276315242
0.132485381,2089.809723,1.344578905
0.133909819,546.5758209,1.184144687
0.1483866,1592.864214,1.528039744
0.110776101,1886.288389,1.420000815
0.185576307,1983.516334,1.025996577
0.295390106,1278.645211,0.825866732
0.194231517,141.1550669,1.054958576
0.201929733,1393.273003,1.279849162
0.084454401,1684.055086,1.030272425
0.171690183,251.2059582,1.241804997
0.27985095,1455.785396,1.392795148
0.178228741,118.8756008,1.227723732
0.166785993,303.2652553,2.071246087
0.132820465,1462.189167,1.749104552
0.137590289,965.9240958,2.146670862
0.224287818,1358.014896,1.006216952
0.061504551,1592.247456,1.83811016
0.152123879,916.8179479,1.95432464
0.278013653,1291.03844,0.946800976
0.171175266,1384.581303,1.512171134
0.064848479,1261.860466,2.109685799
0.142047562,1117.310113,1.907658371
0.169828846,1168.344803,1.736896384
0.204788731,1116.786794,1.768824061
0.177912741,766.3641989,1.643791723
0.202714409,688.58542,1.547488072
0.21074278,552.4255892,0.811227744
0.094489847,1642.087943,1.630003527
0.225412283,1210.013104,1.281749018
0.272200984,1042.955701,0.956448581
0.12468085,1015.159297,2.000896413
0.188665856,1491.47947,0.863517943
0.142653913,935.3206114,1.444626449
0.235115416,1370.156227,1.352318189
0.207473061,1204.29187,1.410013701
0.098165108,2046.614189,2.004438849
0.233503026,320.5140978,0.885683192
0.160247277,1073.966215,1.537789379
0.138087713,1562.754184,0.968647738
0.191463064,1614.678083,0.939280379
0.078197145,2119.289444,1.302771525
0.119565685,938.9098752,1.390654831
0.119967622,1172.40274,1.199766549
0.221391303,2167.086814,1.790597225
0.265478547,472.5243724,1.448917803
0.105193144,766.0333261,2.105694271
0.239626507,1737.077516,1.999498626
0.049821656,1256.04288,1.720614063
0.231556699,845.0766694,1.309686568
0.137598284,1150.043356,1.102248526
0.241623349,845.0906403,1.669716361
0.193874749,1574.574952,1.517999025
0.175692219,1195.096674,1.463127987
0.207647111,682.3275209,0.79221657
0.130669286,228.2291546,1.615561028
0.19361241,1688.865102,0.968571527
0.169833198,1114.001807,1.141288677
0.190604245,1491.33251,1.563693209
0.214266898,1144.17908,1.300763339
0.081698492,1185.551658,1.079138901
0.123887937,1807.438099,0.941672045
0.149797606,1491.75991,0.7765427
0.160216377,1596.558205,1.566789087
0.202854463,1526.781017,0.840360687
0.081573585,1424.785516,1.575434288
0.192628688,403.242678,1.510244018
0.197526892,647.6946207,2.041319092
0.16859454,1170.531615,1.48059185
0.069695617,1018.486615,1.751622493
0.10454599,1062.810847,1.290063475
0.242536939,1094.66739,1.357974213
0.034508969,1438.760743,1.961741793
0.201526638,2119.100613,1.663463
0.223535848,1796.631173,1.475486408
0.16926781,130.2462865,1.751130074
0.109589339,1649.854777,2.142059402
0.127422223,1556.691626,0.848666996
0.193560047,841.7917299,1.587494341
0.089839557,1402.556997,1.77225064
0.078115632,1619.804074,1.647031089
0.149483741,1588.740818,0.767569549
0.125433425,354.8967863,1.179349604
0.089866231,631.1116956,1.043092824
0.15903699,1150.892712,2.001098992
0.118266943,1858.02605,1.757958924
0.21798732,1148.043139,1.730629228
0.286531482,2017.144099,0.968763795
0.183484803,1487.936911,1.354691655
0.128073559,1041.158764,1.324247711
0.240295663,964.3569566,1.080616667
0.144559438,1929.301359,1.917804986
0.147389331,817.138389,1.668416252
0.22009485,1142.787055,1.995296074
0.156822489,959.8173314,1.922455444
0.129618337,1458.640289,1.093780873
0.166156459,536.9687794,0.80064281
0.219638251,891.2359744,1.59500692
0.17526647,904.1201278,1.248017543
0.086951022,1290.639836,2.103932555
0.11409496,1678.72718,0.961777576
0.210098854,197.6239674,1.94924826
0.088170219,1315.254935,1.325265372
0.087723371,1793.538063,0.898128321
0.251145943,240.0919924,1.620436823
0.042797583,610.3073022,1.977907907
0.209175507,1644.065024,0.979145078
0.236752578,1537.142116,1.190457125
0.147695559,1247.225377,1.937221628
0.109954108,629.3947386,1.984660951
0.232100715,846.2727545,1.071763315
0.256926017,1023.945233,1.648528585
0.106507082,654.3129028,1.069651341
0.221228374,1263.737849,1.830115399
0.18309175,341.4982457,1.610827427
0.145891178,1125.612641,1.337958682
0.24248106,867.0383421,1.66839108
0.101273631,1331.969646,1.642372028
0.074239459,1753.506543,1.321658339
0.097531882,605.4055261,0.841255323
0.212553362,919.1303456,1.491767186
0.077625224,547.0843003,1.978561195
0.043074644,760.3271361,1.997118632
0.160021853,661.9567394,1.652461201
0.029052225,1095.261108,1.640227208
0.165575241,539.469979,1.271766629
0.145072231,1474.312507,1.941423284
0.262821438,1238.162532,0.856322105
0.204279096,893.3288662,2.085312827
0.14251726,1217.507148,0.719057995
0.18153629,451.0028504,1.555148414
0.15507218,1671.458147,1.829144629
0.206802298,1117.269268,1.771654322
0.114372219,1957.538516,1.554064527
0.122684881,804.5731923,1.808565708
0.273723201,713.4956308,1.742676483
0.103994751,2096.605625,0.993147517
0.065776403,1808.847323,0.770124029
0.137909222,1038.736328,1.065138416
0.16848938,953.4297474,1.03397961
0.285626138,1262.349764,1.998172628
0.151320902,1374.229271,1.497456061
0.145725336,1219.333712,1.250788924
0.147984574,1762.814435,1.359179944
0.263630196,1790.70787,2.033597605
0.067833231,278.8912466,1.639938082
0.18560705,484.8178477,1.547173802
0.101927944,697.4012177,1.376332163
0.170265297,599.2232285,1.654595738
0.16069566,1319.993525,1.795153871
0.100296252,640.6158076,1.150261292
0.075245504,1088.240373,1.030929856
0.227589906,1257.615946,1.528284593
0.115369018,746.1047205,1.947963943
0.187111332,1082.064536,1.485227695
0.118165502,544.5922303,1.125389926
0.177017132,1327.067919,1.08899769
0.214010573,1495.273594,1.266723729
0.210430477,633.9098846,1.052446437
0.130445138,1484.887793,1.787559336
0.04180409,1210.101219,1.565035229
0.235526275,476.6458169,2.006469963
0.126741695,1419.318196,1.042360422
0.059623045,1032.495949,1.366474485
0.127336361,743.3024061,1.96417485
0.183702928,1235.147639,0.822860526
0.235056911,728.1378092,1.503310823
0.06719848,837.5111287,1.708830356
0.204083604,1063.422285,1.276903727
0.106308801,1153.765118,1.938149022
0.204651137,1075.478949,1.19933929
0.164912307,2052.881098,1.850392676
0.23469663,366.855137,1.503577019
0.124124446,1604.059423,1.534722753
0.232845708,1443.847373,0.909972166
0.17015523,1911.543355,1.277888287
0.10350115,1466.835544,0.897549697
0.171623154,860.2098169,1.651377053
0.163553287,503.8748699,1.997837503
0.154532255,1154.217204,1.47148107
0.186745391,1272.678205,1.330841242
0.022248267,1151.732008,1.864877238
0.262124022,1835.000815,1.286726481
0.208308101,594.5670664,1.31293973
0.18893604,349.6400128,1.287611375
0.101697789,1189.655891,1.22415258
0.201455058,866.0250522,1.180276967
0.269582121,519.7487881,2.025126659
0.040621344,1272.026639,0.907683055
0.144350417,1453.227524,0.833755191
0.168190849,1091.827844,1.225380642
0.105670504,1474.847739,0.776724668
0.21243556,1040.137057,1.314449373
0.220385274,1410.56933,1.836073028
0.114547087,1295.109443,1.746190981
0.11642071,1258.446954,1.395499759
0.162285966,610.5595098,1.78350019
0.113109384,825.4361665,1.315530673
0.152128038,1487.24484,1.353668761
0.174779368,1867.191679,0.870650257
0.223299218,1353.011879,1.117755042
0.165431784,1152.22378,1.799029219
0.190924254,1090.648764,1.00854575
0.252011283,1906.033486,1.09331769
0.236233912,2067.545481,0.939929921
0.152896523,1457.223034,1.904901569
0.181324531,489.2516932,1.420337932
0.209524319,1791.242037,0.948276896
0.062723151,667.9745507,0.889019331
0.040097119,789.952349,1.429978682
0.156300367,1302.415336,1.795935279
0.13170705,801.4660608,1.821596581
0.188883376,1255.317775,1.671247266
0.295339272,1245.731851,1.245807404
0.043653508,556.4333643,1.353276567
0.191244765,1988.13301,0.723550164
0.150888751,1331.677267,1.3758308
0.133343996,2194.408204,1.388617837
0.205187829,914.5904785,1.19953867
0.081792364,1666.502022,1.637057101
0.071952891,266.5771899,0.716708333
0.283130275,1504.12941,2.014901615
0.222412229,847.9010809,1.375755452
0.09776704,850.9829427,2.041343978
0.240093237,489.2614517,1.118277306
0.078908308,1979.352429,1.305902207
0.246888175,1559.475573,1.460713172
0.160733774,1810.107226,1.378261628
0.027934486,591.4260171,0.77499252
0.07590452,1053.338334,1.967700693
0.188895616,1977.412202,0.898708657
0.050509976,2004.913889,1.005577292
0.121568877,919.7371897,1.878687344
0.104932437,528.2851396,1.72206443
0.114931644,601.8815936,1.833667088
0.187740279,1697.060688,1.759282639
0.131304523,548.6297189,1.65219472
0.041544565,737.597298,0.858850194
0.155498052,1719.275823,1.581385305
0.200482747,1220.083083,0.926507086
0.198071308,1495.849697,1.983283664
0.163695589,1716.614098,1.979197834
0.212676312,1313.146514,1.893281862
0.202572081,1808.643603,1.735361477
0.13697297,577.841476,1.703340251
0.156871687,2111.491292,1.85592929
0.08929082,460.8266127,1.811686711
0.220314999,1089.080628,1.366061091
0.220311986,1511.818958,1.971550254
0.154597605,1247.831742,1.755751701
0.115482971,1833.75466,1.519752954
0.174070827,1530.641537,1.055254614
0.146746655,1196.819254,1.474590606
0.183230937,579.3926186,1.930162141
0.212425919,2015.021173,1.273382155
0.138986889,1156.421,1.118549486
0.101011082,1382.752728,0.974532527
0.168017024,1124.024695,1.61515565
0.124698822,503.1200716,1.509798426
0.077234675,702.2033131,1.34740924
0.299046841,1934.99247,1.603797775
0.107750631,1068.581525,1.930371954
0.077764857,1068.965577,1.343485509
0.042855896,962.7103264,1.194228006
0.179978011,1638.494472,2.106918437
0.059657357,1719.818408,0.97209162
0.111688453,1279.65024,1.587771742
0.136056412,1540.834629,0.954910182
0.06084461,1518.466155,1.477952555
0.16649353,626.7380393,1.605257183
0.188515462,1036.445944,2.01242044
0.082999848,993.1012451,1.944251796
0.146820883,724.0976272,0.823631901
0.091441922,961.5529365,1.008697678
0.087712217,511.9780417,1.315735273
0.132205215,981.9918406,0.86478895
0.153736892,1465.083384,2.093785559
0.188971441,1412.713455,0.948045259
0.095423863,1255.657013,1.229047866
0.051792079,742.7090416,0.816013074
0.253829748,1358.880707,1.521663969
0.212989395,436.4381174,0.838767113
0.111406619,1180.28638,1.318478239
0.221843634,1639.472203,1.966366319
0.177031935,794.4686164,0.99134857
0.201213668,1197.267804,1.645284569
0.080104692,1293.247603,1.754125912
0.281301854,1266.624814,1.701504271
0.021177148,1512.487082,1.121752286
0.134818379,457.8001945,2.13576227
0.176447827,1125.064994,1.636399878
0.225599212,1509.445164,1.546976841
0.23308845,1401.500955,1.463651392
0.196847253,1477.951327,1.870209857
0.128324427,1186.884165,1.07611617
0.111611692,1613.854625,0.851851166
0.150609571,542.3356496,1.122927413
0.114596398,169.9757066,1.350903393
0.052307833,1898.584761,1.380364134
0.169733661,897.4193148,1.191982603
0.064666249,1771.707466,1.205639366
0.253982996,702.653892,1.374956182
0.073665674,1527.36464,0.921347403
0.117171982,1319.275946,1.964498081
0.118954361,506.8954189,1.027612564
0.124825367,1506.91996,1.34083021
0.260453216,1583.130272,1.159614048
0.130505423,1485.764282,0.743481363
0.2202879,693.3150098,1.103483177
0.174477834,1551.055552,1.347299185
0.141028079,1113.6724,1.076660192
0.133681289,726.0762686,1.738504244
0.102666537,927.5206717,0.773657887
0.195622105,949.3055106,0.725099508
0.186797618,1224.384475,1.347996433
0.048585809,226.1429467,1.956991532
0.042585108,553.8082231,1.062414006
0.024868199,1284.619241,0.794772701
0.057267245,1492.096204,1.596846793
0.176194742,604.3603175,1.170551732
0.098860125,1157.490296,1.451492243
0.181804005,1500.120644,1.728273495
0.192234557,839.0363273,1.132156804
0.126755257,1030.216674,1.320277163
0.138089804,1243.045485,1.420584856
0.189772474,1329.904988,1.546016788
0.158643165,1209.27154,1.788938244
0.22008518,1728.022814,0.833609204
0.234179812,2012.474296,2.085106869
0.220642645,459.9498431,1.388128374
0.204697578,1896.979194,1.499710409
0.07854682,1130.154467,1.510049747
0.262577724,1378.449938,1.521117716
0.086213563,989.8264342,1.565400573
0.140413599,1130.323609,1.844271259
0.233251388,1315.888551,1.759400261
0.134841771,850.533307,1.594740038
0.111897027,1858.280764,1.817091859
0.144641281,900.5500954,1.098883558
0.213410521,289.0506586,1.613432191
0.11737889,1610.174086,0.802803678
0.190767329,916.1763056,1.859071941
0.275967763,465.0186093,0.772410208
0.122873978,488.5868028,0.837596621
0.248564689,776.6179519,0.806553471
0.189983649,1167.955135,0.877838374
0.193207953,255.7668546,1.522597965
0.139348122,1877.79951,1.177753793
0.180649943,1459.204447,1.655188745
0.209786892,608.4442301,1.951126156
0.193509921,1497.14447,1.988717768
0.127385283,1247.250171,0.845907861
0.219472752,711.664868,0.991519421
0.150118631,680.8217572,1.643009084
0.213935709,429.3467481,1.375873489
0.227189686,797.0995245,0.831901873
0.160112305,654.984002,1.23993787
0.1336914,1072.938952,1.945904038
0.173166872,875.2354323,0.950951981
0.053432585,1179.856076,1.909553113
0.185159881,1108.144966,1.96679632
0.292545211,695.8769396,1.115491455
0.058189068,1617.77964,1.629000237
0.198035918,918.5733302,1.983634924
0.079353052,1972.635653,1.125906562
0.091834291,491.9023205,1.448136083
0.193214626,1425.02574,1.224251489
0.183791931,1427.833126,1.822890601
0.025737722,1409.767933,1.244919078
0.153088942,974.4095915,0.81643849
0.116041982,1817.173067,2.046584286
0.261859857,743.9840457,0.977148476
0.130165817,913.24858,1.321368082
0.155070271,1152.647489,1.667621764
0.110252206,981.2125296,1.938229235
0.103551952,1060.012667,1.599204745
0.252239781,485.4041466,1.393641347
0.1370511,1261.745718,0.86835401
0.184849629,1421.063436,1.841162154
0.196011975,1268.058572,1.761146757
0.232771455,511.7034256,1.887874775
0.191001574,1031.385116,1.74286729
0.155727118,1824.04087,1.872694318
0.22664554,790.3206074,2.027763344
0.182304437,595.1931397,1.511101974
0.149272175,1595.446199,1.625440655
0.187993676,1061.582432,1.694288788
0.21043205,1743.710779,1.246314027
0.148118445,360.3597283,1.376221143
0.24636541,376.3763353,1.400129339
0.224960672,660.6028922,1.894597905
0.165522211,439.5196176,1.4083708
0.053919622,1312.060733,1.647879855
0.251138868,551.269918,1.087357939
0.214718137,607.2360689,1.465319825
0.06286611,2031.198182,1.344958485
0.204707926,1018.694578,1.388324536
0.214525236,1426.885721,0.88191916
0.110429367,1122.2369,1.514290596
0.112912471,407.8115442,1.499950111
0.044020375,1774.894074,1.386361364
0.173182783,933.2928342,1.272263995
0.15525845,1215.073693,0.951895677
0.198027452,870.5762789,1.876706278
0.151515779,1399.171749,1.417217543
0.23832108,560.1007033,1.443148677
0.070034067,430.8935242,1.356934503
0.042729141,928.5313152,2.139959719
0.213471715,1589.881706,1.665438599
0.199552625,237.3119518,1.683651363
0.123030554,1005.114861,1.808307883
0.149456613,1320.93175,1.106213655
0.228926608,1369.741936,1.643862748
0.243787501,615.8772716,0.818268184
0.191727245,500.6925183,1.647062814
0.102687922,1196.562591,1.697019343
0.057147704,1237.024639,1.969892121
0.183310527,647.8119212,2.101828439
0.146480453,1681.747548,1.505746343
0.20479583,975.6435104,1.673675058
0.1112847,1568.978337,1.287328044
0.165036697,1105.584707,1.568259609
0.177791825,1242.519412,1.444600552
0.205861761,1627.645798,2.063393512
0.072179449,2090.050919,1.274401235
0.059859038,768.6490921,1.550283229
0.201478573,1317.173033,1.719073301
0.13858401,1546.154305,1.126276482
0.049505716,625.9585749,0.83924905
0.275898583,1976.640568,1.934093543
0.160688899,1381.214402,1.874789334
0.096478385,1795.509595,1.323570416
0.118583523,460.4496012,1.885339082
0.123643127,1054.803049,2.074718895
0.194262808,806.2195027,1.053315153
0.193847354,778.2645199,1.690617443
0.198050374,771.1672179,1.412460789
0.135378456,1632.562029,1.907487764
0.083523644,346.5634379,1.300728325
0.142661997,1490.497392,1.608891288
0.175575117,849.9386994,1.326354975
0.167762671,278.1342162,1.517410512
0.032189121,289.068728,1.147046629
0.18984304,589.0279384,1.53257047
0.132845223,1816.506017,1.898999268
0.161015426,1027.537551,1.399922766
0.250773766,708.8417862,1.673601728
0.126309301,1061.925541,1.393787145
0.150141045,1222.568699,1.978043851
0.17740644,331.1501668,0.809296966
0.272463474,528.9164646,1.366590465
0.216454152,1176.357048,1.120992709
0.24474351,950.7788013,1.29588025
0.064046559,1788.21252,0.918435839
0.158487031,598.1417157,1.205848008
0.084638283,1232.913913,0.876858084
0.151285477,936.5153578,1.326401652
0.261584927,1327.062048,0.899399695
0.176336351,872.8426776,1.903337281
0.096444779,560.8218971,1.384122509
0.292466002,630.9140541,0.929256557
0.232991905,925.4604638,1.304170633
0.071280637,1069.613197,1.195181868
0.131719051,1546.952535,1.773272695
0.146405931,1281.920397,2.042464517
0.158444253,1512.604377,1.294407043
0.034487891,1193.200003,1.762157154
0.110467781,858.8816051,1.294770154
0.256406176,1017.062178,1.298439996
0.196032836,1075.621277,1.791226424
0.171758147,1850.672901,1.914154204
0.173360656,1785.301251,1.941125489
0.115398473,1319.791418,0.864789048
0.12927769,1679.808931,1.153846671
0.150206982,519.2310861,1.711634244
0.193192646,704.9643067,1.025646913
0.18942281,1232.076695,1.499170646
0.181678444,2149.785665,1.781537356
0.281518089,1375.162552,1.763257079
0.264915681,452.9937743,1.350606397
0.141550917,570.9903517,1.187899451
0.107797445,989.9685338,1.324565701
0.175732227,1728.552389,2.085368489
0.097399776,560.8485508,1.386156145
0.161792174,1097.110545,1.940835165
0.169513231,1375.605468,1.834115095
0.12529115,2050.808351,1.857550211
0.021450079,799.2708283,0.862478527
0.223740127,905.4133682,0.810929266
0.158755036,800.8668421,1.766163207
0.256487465,1597.585383,0.999918356
0.181972005,1017.583767,1.412479637
0.223116368,679.4447019,2.049040124
0.170457922,1180.334596,1.112913249
0.209344933,1206.561783,1.366891589
0.188055836,1115.597377,1.670040495
0.167715669,1235.547453,1.06213875
0.163372096,291.13818,1.472851051
0.092113481,1393.96172,1.475080983
0.233090543,712.7953069,1.108893326
0.139247804,1022.028599,2.004764248
0.144288249,863.3692834,1.665117625
0.103663123,1727.983764,0.977858876
0.177246753,2056.973151,1.20492483
0.275401366,591.1649012,1.205791998
0.179985979,1583.388796,2.04830723
0.170332048,1988.447301,1.108096335
0.245721308,821.1037627,1.363345564
0.10337254,1452.394183,1.456569071
0.268835033,1244.095192,1.484920556
0.05268029,910.5049086,1.166154395
0.110124293,993.6689545,1.437104944
0.202221805,944.6781893,1.582967663
0.0243312,1788.734706,1.941091701
0.136746643,126.2271019,2.013711796
0.272927199,1146.861224,1.223558024
0.121302587,1646.051994,1.480855593
0.147997389,606.8486836,1.049263443
0.114064363,1334.866135,1.662707966
0.175070862,991.6777724,0.956175458
0.261277466,1264.185209,1.045935506
0.187995603,1295.344038,1.307831984
0.234052462,729.7381207,1.692261561
0.151718976,655.1730625,1.381259722
0.118532602,506.4670109,1.533611569
0.1806763,1830.629361,0.961216096
0.190962724,962.7213604,0.972102215
0.175696686,834.6161934,2.118896097
0.18630691,1414.629794,2.126703942
0.150708115,924.4782032,2.006525179
0.240677049,1545.475924,1.723648498
0.049683132,895.198883,0.902981002
0.209477528,1533.115939,1.679388918
0.158545462,888.9378696,1.443778951
0.142477671,464.9830402,1.395620174
0.12229824,1283.818719,1.629586098
0.120451713,644.7427415,1.12858396
0.210311075,1083.474641,1.614703229
0.276088067,498.5954842,1.541936105
0.035147006,1502.476751,1.793347256
0.130532503,618.3698258,2.138713555
0.197956614,1532.7994,0.992712483
0.20110947,1786.564973,1.074870887
0.160746683,444.8881355,2.136305946
0.072627488,2010.907234,0.770413266
0.056371217,1329.198504,1.961759713
0.213790951,1109.744347,1.061102932
0.202550009,1771.380474,1.683424131
0.15389866,984.9284898,1.514717015
0.144247304,1267.581278,1.387141304
0.161392827,986.7103637,1.526426006
0.093716428,1140.569949,1.830253808
0.154526494,490.0899563,1.965899967
0.175340636,1006.339921,1.972734366
0.219452586,1692.189144,0.99450023
0.186690195,1529.011102,0.91234174
0.190526155,1582.310177,1.44135083
0.292490695,1034.236991,1.490681359
0.220119623,1619.982006,0.897192526
0.088703155,966.8013719,0.898636556
0.161196248,1602.765756,1.607514151
0.156094246,1284.531637,0.983949393
0.06702052,1514.501162,1.967887686
0.254448576,1207.557214,0.925500693
0.230109027,1134.925741,1.291508519
0.14335316,551.2226482,1.027119486
0.215030261,279.5041888,1.511673131
0.201571473,1791.471366,1.611859984
0.043820673,1057.340832,1.731109993
0.136918445,986.9342846,1.265466201
0.165465674,1366.649432,1.401190558
0.107203046,1030.78296,1.940825785
0.155738468,1314.117394,1.202076638
0.095738068,829.3227579,0.937692359
0.147287404,518.6048384,1.253189086
0.23123412,1348.973737,1.325382167
0.095100421,746.3003759,0.751266186
0.09968407,1295.044206,1.982246608
0.065899569,782.8049082,1.02017718
0.063544285,750.1688359,1.098903081
0.072065146,1684.297703,1.375645656
0.239956791,1329.238284,1.320714973
0.191732998,1836.483617,1.625508331
0.153753108,749.9711887,1.819927549
0.285332586,1174.542342,1.991213866
0.061122902,1100.545158,1.017958032
0.036235196,2004.319787,1.76444797
0.282830712,444.9094771,1.81743302
0.022952506,965.8959708,1.432114373
0.260938928,344.9017003,1.440027555
0.22847247,1031.498422,1.18111247
0.158089528,1275.399496,1.116909347
0.161524654,865.8731215,1.476194309
0.197294626,789.0781657,1.532797705
0.126025954,1439.721139,1.448892614
0.08128269,1961.936356,0.864545443
0.170056815,1093.854723,0.962944398
0.1403513,821.3764403,1.666815616
0.206045354,1809.676444,0.814070407
0.241931889,589.0560753,1.674323089
0.23772156,322.9046474,1.183417242
0.07986427,1440.296503,1.78578972
0.247242069,1010.88153,1.898096062
0.116594468,817.7937317,1.932527242
0.084390321,1433.625129,1.628534814
0.189116254,1936.262849,2.016495286
0.131810912,1296.068074,1.310117167
0.163373957,1918.337479,0.767778309
0.18967561,1003.050271,1.503252317
0.177515005,1174.744318,1.121244237
0.176214212,1315.762623,0.986381167
0.227794128,1416.640178,1.37739259
0.264642332,1215.392926,1.831741337
0.252494753,1029.545677,1.157933887
0.197285292,799.7705488,1.244661764
0.147708542,2057.911437,0.849775376
0.182366519,422.5884685,1.792977868
0.178827882,1290.774385,0.972194188
0.218439224,1655.513193,1.829062394
0.137233516,762.0716363,0.919709976
0.231380742,566.0938821,1.682325755
0.097144953,1363.093119,1.488815719
0.070374052,1006.240887,1.827114575
0.140735586,436.9727595,1.846082643
0.128771592,1113.739385,1.322935002
0.177848778,1657.632339,1.333496229
0.107372731,1844.188785,1.995748271
0.206466089,465.5432503,1.732659608
0.194662567,944.9476271,1.690998805
0.130665066,2168.057003,1.760829896
0.136943708,1910.218766,1.429362755
0.168569371,1588.182878,1.984505177
0.05096749,1581.799123,2.124531398
0.206766467,313.9271392,1.329300268
0.128249333,1369.122266,1.504309901
0.145238807,1362.703991,1.38722407
0.186624273,1221.771159,1.439365509
0.239040173,662.5623266,2.020532484
0.094779642,1761.923237,0.882175519
0.264177966,1424.327227,0.955822108
0.07588577,602.3497312,1.903912049
0.151002911,1377.61436,1.115470427
0.080960427,1531.112844,1.62348386
0.158919282,1894.3818,1.579376469
0.071650498,682.6927329,1.93947001
0.184768672,1471.359698,1.501340021
0.157958596,2029.041507,1.4764366
0.250734615,335.5087187,1.902671513
0.139096281,693.4569466,1.574286717
0.286463342,274.5043218,1.319805806
0.256624519,1707.790497,1.655112087
0.210333306,1280.089118,1.870799173
0.18399246,1543.476815,1.83739864
0.200761648,752.0141007,1.918003752
0.173539397,977.1478741,1.185701472
0.066277816,964.4322012,1.174993394
0.129020667,927.5874542,1.963829882
0.157741659,1286.450414,0.853131902
0.161355773,1031.096591,2.028792526
0.1277847,1257.910098,1.923617094
0.295065289,1627.149879,1.147479849
0.190326402,1761.549804,2.013277198
0.06989107,1485.2598,1.601850928
0.074311395,1445.309856,0.854735644
0.202066494,960.1756316,1.959961382
0.144808305,1223.075488,1.437007771
0.213692931,638.7530647,1.088040209
0.233992164,393.5518642,1.384532189
0.190803398,1697.810366,0.836970856
0.180466432,1949.467783,1.770433442
0.113182159,1136.164762,1.570512391
0.105672282,1118.83136,0.899914287
0.158243479,210.5354282,1.190584887
0.178690477,1649.353049,1.2154668
0.145533394,873.4705207,1.768383732
0.124950998,1840.2128,1.126911111
0.13020477,1233.09475,1.28235476
0.123193772,1477.542299,1.016204582
0.161331635,1752.37062,1.091053993
0.063711926,1089.87926,1.498155422
0.182795666,218.9456491,1.303292868
0.247186413,1402.879707,0.995372562
0.27927295,275.9348389,1.208248458
0.035446895,1642.764998,0.989892642
0.1010167,826.785831,2.076911926
0.162066293,1606.610034,1.365441799
0.110829821,1278.768039,1.547356523
0.234363868,1506.598509,1.169576077
0.076632627,845.2116941,1.402703992
0.248636201,1314.970692,1.767340353
0.220400397,949.431651,1.679048662
0.164937271,1463.728306,1.140175152
0.285426944,1314.838542,1.754964156
0.208666878,1062.009085,1.849250166
0.249695531,421.0258944,1.393738989
0.242950128,592.624903,1.639055514
0.194885191,1958.221042,1.490262643
0.119345612,338.2297317,0.896616674
0.295401151,967.7887716,1.562080697
0.157627445,1321.329069,0.959243757
0.09463875,1809.138024,0.990021738
0.160929161,1285.016776,2.108870084
0.290549686,1874.687682,2.054746161
0.238494587,916.4341771,1.966850975
0.15639388,1694.348777,1.430885257
0.089467195,1741.897786,1.96329683
0.08856831,747.514904,1.3792704
0.079301612,960.7059363,0.723677947
0.100178892,1187.348936,1.296839236
0.215974887,1549.516412,1.368094345
0.160558735,261.1807245,1.353328758
0.169111641,1134.516131,1.502048353
0.269570921,1360.424468,2.103692449
0.167106939,631.7550934,1.863661978
0.186065788,690.8357955,0.758977864
0.187376531,2135.006208,1.247791212
0.193907912,1519.006462,1.530512754
0.053379559,1090.780296,1.365962919
0.132769005,829.8852791,1.885711705
0.176346288,634.8773092,1.43518946
0.188314674,1431.746692,1.382675585
0.030307574,1463.538356,1.279465841
0.18175229,1462.588781,1.735732958
0.247179334,1860.265784,1.603193063
0.277574654,1902.727118,1.967614762
0.106095398,1764.275292,1.204033604
0.199010503,1441.431419,1.759950784
0.256357105,1645.982581,1.48997848
0.243397278,333.1159714,0.943496541
0.10360824,1746.717667,1.261895976
0.232419112,1060.354847,1.072420577
0.167626758,1753.895765,1.172728986
0.13229853,1063.245391,1.680409814
0.206574554,971.9795001,1.30404894
0.227448052,890.9753141,0.733350951
0.184539225,1015.956585,2.08475424
0.11379106,1352.692683,1.378825567
0.179306873,1679.233143,1.157070293
0.194945633,974.8526277,1.838082591
0.153630878,225.384338,1.470641364
0.154264067,1022.660679,0.801762516
0.062385464,967.6502282,1.783903345
0.227948395,1472.39607,1.49340235
0.104658054,1345.100796,1.573223368
0.159571116,1598.725629,1.928329407
0.248873648,803.9795854,0.955897265
0.129742301,954.7350651,1.447469729
0.153831959,1738.364251,0.992602712
0.162654795,1317.616704,0.80906348
0.262948328,1093.892381,1.167520246
0.287515358,1449.650681,1.778995642
0.123242874,1453.076023,1.860094761
0.120958647,944.2697511,1.108803807
0.144064486,136.6517385,1.570871689
0.128245282,694.340023,1.3620571
0.127029568,1497.000804,2.126189088
0.261055552,1203.693938,1.19690934
0.211207005,248.6076295,0.906904304
0.19717412,848.5997719,1.821019548
0.057867918,505.9136095,1.541146136
0.058798189,981.3914441,1.111175038
0.201706979,528.2737316,0.93476053
0.148498642,964.155139,2.069278013
0.218295704,1660.842587,1.36938535
0.209948436,1153.091165,0.803515068
0.078240124,1392.053112,1.133794609
0.206658933,1284.828111,0.984913956
0.253755078,373.9287314,1.543535605
0.150244579,689.1706925,1.484302977
0.160891781,1633.333649,1.025536546
0.270204442,455.0992368,1.149580249
0.282779014,1124.555726,1.559588831
0.207246445,1307.935984,1.64201017
0.154044787,1242.502491,1.363435955
0.250857183,1321.513903,1.450406587
0.230658065,981.4434147,1.918741227
0.192396062,460.0091381,1.078524552
0.297475856,1967.240621,0.975992961
0.124534642,1501.581927,1.04794867
0.191446791,1044.116205,1.276532532
0.16670425,1360.843989,1.063660827
0.159437352,1016.601517,0.959422641
0.090509791,219.7041766,1.762587207
0.130843537,1429.420838,0.838933504
0.236492939,867.0817926,1.772678876
0.062370996,643.7593417,1.667544367
0.057295945,582.8579611,1.701661492
0.14618449,1688.960629,1.408335699
0.138087555,1362.735583,0.830265707
0.252345111,1872.831322,1.417760365
0.189056147,2031.352184,1.973150971
0.12008801,1133.977194,1.463917731
0.157186851,640.7591726,1.260025986
0.160072259,162.9656479,1.610828012
0.177178128,698.4986063,2.077353872
0.194267662,575.3712263,1.74540062
0.189793879,123.9987266,1.789472767
0.129622737,1310.398255,1.450595502
0.049335784,668.565166,1.433837463
0.168232865,1990.936765,0.830995459
0.113982487,146.3345409,1.283622288
0.183357773,1983.592653,0.979174583
0.068908654,418.5166409,0.890121237
0.131673062,1255.352881,1.584806193
0.051169951,701.274524,2.124865483
0.174256179,717.3052414,1.807710428
0.230565249,1402.82432,1.091915181
0.219916157,270.8065154,1.53204389
0.250978271,136.9462652,1.132234877
0.19665913,620.7226377,1.867304589
0.245535436,565.2576554,2.007003595
0.224529095,1279.666625,1.293374499
0.157944898,910.1161832,1.975484926
0.186209873,589.7078497,0.968001536
0.24846699,1292.304714,0.989427511
0.202689898,1124.817791,1.893114502
0.077637421,1045.256587,1.056620255
0.276963463,1045.396351,1.280432766
0.191892172,1294.359468,1.847488558
0.10187986,2032.274022,0.903765154
0.13278559,1392.950871,1.403334179
0.110430812,1473.934818,1.350829752
0.147476292,1326.502407,1.165408859
0.156639641,912.1088906,1.32358894
0.167503901,1264.584696,1.878195343
0.214992324,531.7666892,1.783959108
0.099021461,807.071105,0.938568692
0.156561856,1362.643532,1.97067566
0.093371463,1301.108034,1.484725754
0.163941206,1567.097193,1.885518978
0.249704608,1917.240548,1.227016888
0.119862713,1298.667486,1.065796751
0.189017215,1700.846875,0.867549469
0.263113558,1206.809543,0.766388271
0.065562235,982.4517738,0.958853034
0.178276617,1209.444671,1.186251536
0.104879581,1784.458812,1.375740929
0.184081091,1770.342319,0.735785926
0.21868772,1136.499844,1.20136622
0.096834432,1415.765793,1.536248061
0.138557096,506.645991,1.367551379
0.143615948,615.5630602,1.868607035
0.080570681,1237.749461,1.50757943
0.138769402,954.5503199,2.092634888
0.131542166,1589.952661,1.514369218
0.248341245,934.6308142,1.561431316
0.062179279,1413.350103,1.791980241
0.03166831,252.458194,1.629560463
0.040670959,355.2008918,1.42717824
0.245296233,257.2457948,1.568380541
0.055813246,1285.593808,2.117526719
0.211448745,546.3520172,1.658028691
0.125062227,111.3822625,0.93352445
0.180376534,936.2928957,1.911458741
0.105731894,1660.995019,2.082585401
0.177461629,1134.628606,1.662772434
0.142230723,1505.744504,1.880703802
0.170916773,551.8767427,1.573309886
0.110931714,1677.492032,2.080325357
0.087229465,1067.716276,0.792278539
0.185543057,1336.471164,1.438137106
0.189746855,1149.42964,1.382162247
0.137346952,1456.091537,0.828606185
0.179972539,841.1776831,0.85114716
0.188049788,958.5736659,2.022284518
0.076078199,873.6410456,1.306000761
0.202829712,1364.506502,1.790332054
0.232323559,1439.387479,0.894900627
0.091618133,1975.792014,1.204542294
0.204848193,1207.632207,1.81341551
0.174515676,1131.855606,1.919632607
0.170236341,1563.567633,2.106254113
0.211515627,163.5360608,1.941540647
0.155683907,1627.423644,1.736094412
0.267439037,535.8328783,1.142994243
0.06695335,1353.207807,1.347125882
0.182245945,1258.522137,0.96485104
0.057304907,2098.944782,1.007550617
0.129623536,1229.187431,1.186714541
0.073121699,1516.930517,1.762565375
0.095000129,1684.581203,1.293375974
0.118682844,177.3467602,1.598196913
0.027203844,1331.807719,2.112165238
0.255697277,880.6292854,1.248465704
0.150660368,617.6325308,1.53163497
0.128825922,1493.431158,1.687398327
0.11369631,683.4763213,1.932031505
0.17029982,1693.263015,1.167545732
0.161971858,1164.174564,1.605977382
0.257566167,1685.148795,0.996293367
0.113444559,642.5991012,1.452276252
0.194397678,867.4748328,1.242556929
0.18499905,884.7786585,1.479570575
0.119252403,632.0400014,1.279245747
0.208421332,1396.991508,0.740153531
0.114536008,1215.047584,1.249613517
0.160375039,918.4174198,0.784266036
0.144979658,1287.645365,1.645558528
0.190149248,1486.859621,1.579206099
0.23218952,648.3310251,1.718012935
0.153073979,1695.104815,0.84002465
0.107838947,1800.698038,1.842129967
0.222095354,928.5189929,1.936163326
0.213636849,921.4070584,1.42857046
0.213727651,781.6333367,1.026875536
0.178953569,806.9633694,1.104689332
0.112047303,1629.793584,1.47878951
0.139900349,1652.682481,1.137621191
0.230185785,828.0422578,2.08956108
0.111503037,986.5266324,1.534461856
0.200174174,1141.478778,1.090526743
0.066430936,1970.28936,1.885346422
0.230094824,1029.691724,1.267127116
0.111707813,1367.596339,1.64595264
0.156595083,1065.831972,0.735336064
0.199999734,2067.986895,1.310410908
0.102332503,1581.323072,1.0596112
0.126606056,980.5061837,1.980579974
0.260406784,705.1630113,0.829641155
0.191774144,1331.876866,1.480620809
0.226470718,777.719188,1.381318157
0.088601706,721.4294835,1.458033528
0.11037022,2110.733793,1.764654128
0.262297577,1028.568094,1.53480486
0.210415669,1811.721819,1.000079187
0.161187611,1028.76611,1.461601494
0.17213866,1468.583742,1.550525999
0.258945732,1225.850105,2.089949317
0.115277025,1395.302779,1.135228382
0.24942208,1155.5862,1.711145823
0.14538153,918.9777209,1.948622929
0.215174975,715.7860438,0.812909802
0.062060282,1185.509491,2.055962142
0.197044823,1474.404803,1.813197862
0.200948485,1851.897436,1.081597144
0.240763801,1857.805123,0.868358201
0.191601352,1085.907473,1.989736051
0.091376797,1779.91968,1.813494426
0.228293593,649.7373541,1.477743948
0.233588981,1379.083874,1.39549213
0.246075338,1104.801473,1.600705558
0.037136713,1384.883686,1.409262239
0.146931948,1839.346874,2.122267571
0.038582188,322.5515443,1.288148083
0.247136049,252.8107348,0.84902141
0.158227396,1717.383499,0.787287042
0.198562943,630.8375276,1.174707103
0.170602977,1209.950016,1.788239191
0.123633806,1415.516446,1.079429447
0.197411988,1751.47987,0.784745046
0.1406877,1682.794746,1.796780266
0.169610957,500.5725731,1.938692696
0.168841733,1450.303694,1.614025728
0.256629681,1383.335367,1.11147185
0.065226261,782.1333219,1.948957058
0.227964064,651.3455408,1.455596179
0.12285523,403.7260857,0.901425948
0.22432714,955.5289054,1.373444965
0.207924348,902.1397878,0.971647348
0.180050508,2000.968469,1.651944471
0.190818318,1187.948338,1.589604236
0.17413468,1333.873752,1.397472388
0.227825001,1347.610783,2.021611818
0.061611612,964.8551679,1.601143537
0.17419505,537.8068104,0.781735731
0.275986543,989.9124275,2.083296139
0.29522819,1138.290781,1.853220506
0.198623167,803.6484165,1.637366001
0.116703987,1131.755612,1.00637142
0.086985888,1225.450827,0.824069424
0.10175989,422.0395392,1.38294425
0.165471838,1418.881659,2.038419697
0.179277369,434.8846655,1.183830453
0.095732728,725.953837,1.971400585
0.17911798,1021.406633,1.180499029
0.088290662,2058.938211,1.144900929
0.238298807,1356.740659,1.084075956
0.192720388,1653.54709,1.57952441
0.146086541,932.7360125,1.357311917
0.158063823,539.179569,1.510319439
0.038712787,1610.45076,1.083682474
0.178780207,1693.092269,1.519890765
0.135908934,1544.308925,1.423223517
0.208366902,1120.806614,1.049798461
0.267524954,1431.500436,1.32811218
0.108338903,660.5682024,1.578807323
0.117549839,1360.704184,1.213662474
0.16159769,755.703594,1.108022458
0.18330899,771.1739511,1.942998407
0.091488174,128.5943911,1.016629826
0.18114904,428.0222147,1.49450319
0.204095861,1478.078591,1.8333239
0.158472214,1413.709971,1.653502432
0.119409231,857.7411094,1.952464059
0.266079121,667.3134379,1.366861806
0.167789282,363.8814186,0.809050159
0.120951235,1769.029076,1.352785962
0.053076529,2011.02505,1.289160866
0.15856699,1286.061211,1.340771743
0.159712583,1180.01061,1.759907452
0.237804377,337.5535933,1.920393373
0.067087148,1993.651036,1.095752352
0.14175858,1456.616291,1.91758847
0.292098245,1870.030028,1.281737305
0.171882779,1815.550819,2.138778321
0.021175577,730.1468707,2.035329547
0.257877508,1173.686001,1.374229696
0.033448662,587.6747518,1.70897481
0.172573736,836.3621867,1.666686873
0.082467058,280.0215887,1.601072894
0.196891134,595.4125768,2.056899335
0.157124889,1082.509097,0.872364475
0.204631913,1564.176449,1.021563279
0.253228363,675.4973558,1.258875236
0.161591985,270.2866292,1.020625369
0.211606969,1070.965867,2.120941044
0.136889024,115.6153172,1.343514074
0.180913425,389.2510503,1.287037962
0.237696997,1177.549255,1.65313371
0.072846451,954.771344,1.398001718
0.249671274,852.4889437,1.271703469
0.285759178,1707.409441,1.434970579
0.201164285,1414.57144,1.954878439
0.186190694,1574.204168,1.174367046
0.271959928,1703.873829,1.246188413
0.162907532,951.8380889,1.528385311
0.162855917,1539.990158,1.70491408
0.034811792,1308.198444,0.9216773
0.116185035,841.3558272,1.642098269
0.133621786,574.2914134,1.552431843
0.140032692,385.5168007,1.082986196
0.170774168,1275.630244,1.519562123
0.259715037,1717.151415,1.260422085
0.124120425,1003.101308,1.752099348
0.297518834,994.527044,1.2858143
0.196754687,1379.526385,1.210390402
0.099466833,1605.559811,1.133467639
0.25206759,1429.173922,1.637364799
0.17621334,968.1214306,0.719130133
0.139958854,395.1684744,0.770379448
0.076526467,410.5303067,0.975547345
0.156115137,1018.175602,1.008121403
0.203579109,1036.241845,0.985742906
0.120699127,2139.530964,1.742917353
0.165221185,887.435115,1.936574377
0.093088866,759.70698,1.159912737
0.076539562,1078.986302,1.471411577
0.229174047,1775.537633,1.160093627
0.094462918,1413.042327,1.66635716
0.146754583,373.4223346,1.925122779
0.195404664,1155.291017,1.558881465
0.28035213,534.5739799,0.75895423
0.221016384,1059.05809,2.100807579
0.185820345,1036.722961,1.424449726
0.171216758,1444.374463,2.120134996
0.114658585,780.6241902,1.552196963
0.148315658,1232.355995,1.223901679
0.157683173,1294.925865,1.418247666
0.114758321,459.3970104,2.093198753
0.092242139,1299.188237,1.947478779
0.235893103,1090.245846,1.707826099
0.274606835,1223.419829,1.20174863
0.297477176,1205.508897,0.873278172
0.111011944,813.7627375,1.364580758
0.232204218,1123.586588,1.452964467
0.133593826,1970.442101,1.941572571
0.113339295,1240.907495,0.807923248
0.255179459,1458.868204,1.441724503
0.117148144,1072.825522,0.974502487
0.096627163,1401.763877,1.542697195
0.242368039,1192.318437,1.481077132
0.208524534,961.4856106,1.809075521
0.178102084,732.9470848,1.91850313
0.127125819,1616.827217,1.1161463
0.298973745,1568.353614,2.136148542
0.137604083,298.7876382,0.907619785
0.104055963,1713.005633,0.759595155
0.099662735,106.2266856,1.408305449
0.180892551,1670.680653,1.893790063
0.175819826,1279.176899,1.00350789
0.161725267,1260.106098,1.555283159
0.084007167,1981.851723,1.610365213
0.214583744,1781.338746,1.907727671
0.118009263,1183.77261,1.201215754
0.255682001,1206.326989,1.26711505
0.100572784,1142.254476,0.993790775
0.214889142,843.055754,2.031698988
0.198172615,192.3882752,1.266089178
0.199327937,549.0334242,1.413746633
0.039233849,283.9632692,1.923174937
0.169810204,1026.214398,1.548317587
0.220844122,1632.511034,0.977180461
0.178449387,1539.003469,1.256157475
0.209598313,2031.571261,1.269866818
0.118501481,273.1469967,1.982409514
0.193504816,1514.606734,0.816877773
0.246319677,1144.881218,1.742030633
0.181038713,1243.502689,0.720753899
0.19705826,1271.473306,1.101471824
0.144751405,1384.613352,0.733427786
0.256707209,1624.41344,0.851168301
0.169449973,1250.686393,0.786269374
0.068650865,962.4221271,2.084426798
0.2067774,2051.592303,1.080350323
0.23645133,1086.100458,2.003128125
0.259152921,860.5983303,1.379134047
0.123159308,309.3786412,1.56752126
0.093253294,1405.003862,2.030509554
0.107337338,1135.846519,1.400253434
0.234815935,669.0355464,1.375506189
0.190516275,1079.252926,1.112504749
0.094444309,1459.174356,1.980171423
0.148956989,1338.721467,1.839183392
0.151692539,1177.346917,1.62581036
0.243694265,895.0933734,1.879918519
0.097840315,910.742713,1.040320479
0.245709339,460.1485805,1.516585531
0.158577328,1334.533601,1.796705066
0.202636351,1626.306563,1.48296768
0.147649443,1904.392322,1.124907892
0.199998871,1617.520097,0.822831172
0.151680436,1344.179201,1.620526618
0.271717666,382.0936507,2.125380142
0.111665526,732.7634472,1.772095573
0.194493169,1065.431527,1.817206087
0.218971759,721.8091154,1.392072176
0.128122615,1472.110857,1.350562954
0.22465669,655.8336978,1.865844821
0.144662764,1174.359095,1.710575977
0.186180792,983.433309,1.098449479
0.124924668,928.4132997,1.506930722
0.078873032,1527.28951,1.714525408
0.130866684,630.3432883,2.05190172
0.200336213,1905.651685,1.913849933
0.10632994,513.7836335,1.362499486
0.120826618,1681.528373,1.811582369
0.187760211,842.8602415,0.809994894
0.209284769,865.671247,1.668796024
0.172387836,1058.939897,1.31371148
0.284910072,251.5474514,1.588391411
0.046162302,1870.477852,0.934146639
0.231657089,551.8235936,1.901061924
0.058179854,1109.486985,1.18877381
0.278771617,1152.049514,1.836576927
0.080988147,1586.269958,1.82566315
0.156044945,630.1687221,1.112634978
0.205428902,743.2161916,1.605280607
0.135743346,1404.162263,1.284007887
0.049820028,1145.245551,1.800457102
0.137510348,1394.648351,1.355916079
0.285532135,1029.940705,1.578067132
0.036284425,960.2336817,1.533177253
0.153245131,1258.465945,1.705080227
0.152598214,558.9657833,1.929304344
0.13718927,903.3364747,1.694568575
0.17481304,1904.540806,0.765832368
0.159411506,1106.200749,2.121573822
0.154930745,1061.460088,1.393902636
0.07591134,838.4631424,1.171582809
0.157229254,1185.001919,1.733582303
0.178029073,1025.533466,2.020472502
0.247048588,1750.762593,1.498429716
0.205052481,1011.846612,2.129775264
0.134532618,1859.914159,1.637905799
0.063811358,590.0966367,1.641296006
0.030576242,2193.170827,1.184884477
0.137588228,2013.254171,1.228089938
0.129928107,430.1847993,1.200311232
0.121564599,1608.504812,0.931205356
0.191542909,1774.676384,1.873340345
0.024783619,1990.089915,1.290560554
0.283685382,1230.450338,1.85165357
0.145743693,1054.204642,1.889220221
0.145837162,927.9643866,1.574800944
0.18040766,1534.580633,1.939182028
0.215816579,2021.574506,1.509740576
0.115544235,924.994952,1.747832211
0.187413064,1515.892016,0.798272163
0.152812178,1027.308263,2.114885848
0.045099818,1649.321775,1.384568822
0.082653736,1927.096206,1.605716543
0.223463222,761.5010534,2.141018757
0.183173992,402.9639156,0.980261211
0.130960653,1826.03565,2.131535973
0.172772197,522.2271224,1.510525425
0.127154927,886.8639539,1.73107226
0.167339007,994.3920273,1.123094959
0.231719991,1805.918829,1.081671899
0.086167977,793.3474892,1.820139776
0.188748237,1216.247912,1.736834242
0.083482735,2154.430984,0.723591805
0.168759328,211.9153453,1.673986619
0.083137724,1203.302689,1.718672706
0.148625504,1613.668122,1.476528807
0.165926311,1351.01792,1.996185183
0.240533699,1242.745234,1.14886223
0.209711815,518.5215238,0.717016065
0.175619796,400.7857405,1.298165299
0.234283937,701.9317833,1.783081847
0.143350749,1932.046849,1.342688418
0.211241718,552.9353066,1.32508846
0.207674881,1645.758623,1.596289392
0.289546832,1720.463895,1.55824489
0.057055282,995.0256766,1.508115463
0.281495468,1221.652117,1.254094116
0.084354311,841.5150026,1.04088709
0.2305907,1145.71819,1.21186242
0.172309052,1735.280728,1.923690299
0.266168813,1929.044062,1.289869734
0.167636185,655.5492317,1.041265355
0.031301531,1740.444623,1.796911093
0.199137017,2059.41168,1.668445488
0.196051174,1440.35085,1.140355949
0.142835193,353.4644941,1.268434006
0.047802301,705.3965727,1.922453644
0.228384755,1030.433725,1.215876277
0.212745761,591.4302886,2.02555107
0.136105275,1667.563012,2.119339889
0.230371383,252.2634612,0.853423088
0.057247143,1090.051553,0.751238406
0.18928623,384.7368809,0.871353182
0.139092054,1499.630383,0.837945273
0.136996374,855.9721857,1.253831564
0.227145983,800.5851978,1.271630562
0.09878458,1280.365446,1.154730416
0.062472732,1003.950535,1.632036694
0.189121662,1038.148738,1.008733457
0.144178228,1950.148745,1.312892414
0.032213744,625.7177693,0.985064734
0.107580939,1298.341716,1.233618956
0.098776784,1414.300931,0.788853674
0.254345254,1027.101691,1.800954135
0.226727106,877.2731825,1.109206636
0.163783487,1184.393117,1.724074206
0.07502596,1609.954728,1.098568265
0.082476445,1120.677261,1.414567415
0.156971231,596.4251358,2.080723458
0.205391142,948.9698954,1.84486477
0.203713012,1867.763564,1.286853761
0.096448717,1012.033569,0.992753327
0.270394375,1050.628683,1.302240709
0.16694964,1247.162287,1.766547165
0.299695582,1165.357331,1.863347516
0.166429114,1847.212047,0.9352341
0.211128444,809.8693823,1.167776444
0.156787429,652.2343706,1.625358832
0.255208149,866.2875047,1.444851998
0.191289918,1207.345159,1.209996343
0.126379535,1421.115721,0.958440491
0.13723876,1372.212278,1.749490881
0.069783035,1674.491915,1.039678846
0.150396506,421.0550437,0.76555111
0.249345897,1365.71385,1.021824299
0.144473601,1053.91024,1.086497064
0.213856887,1164.569098,1.379047117
0.259670958,617.9403249,0.893518239
0.168959879,1956.464953,1.211381897
0.249693205,1864.044112,1.221757528
0.164834855,147.2353162,0.90485469
0.114232244,822.1767034,1.309838298
0.159708902,812.3268702,1.748083595
0.173453472,741.8711942,1.301937509
0.056568079,1823.552897,1.673042271
0.143434105,1841.437818,1.688761801
0.178082301,1153.279208,1.360373221
0.213752603,1257.759506,1.768620466
0.148829908,1133.486108,0.979316443
0.181190304,1215.665376,1.559499828
0.143865654,313.5892592,0.820145694
0.133640268,1272.222537,1.169768778
0.204928053,758.993358,1.409053624
0.124016412,1689.103844,1.570349405
0.116643308,1210.200113,1.966435531
0.242315477,1799.985426,0.978327349
0.042445111,1194.020616,1.589868683
0.089660535,1212.107591,2.129553968
0.066800416,1020.005157,2.050336767
0.158211544,1497.435378,1.410303871
0.160825561,1926.829155,2.135252581
0.237096386,770.2377273,1.550004132
0.237804179,252.9658431,1.024759426
0.151047284,1042.130485,1.48714591
0.211330731,1603.265073,1.28623063
0.268138551,979.8624138,0.880812538
0.196387026,1244.840819,1.99024384
0.109855686,1226.210573,2.069872733
0.171106777,544.7963433,1.799767044
0.216552587,1521.712052,0.879983272
0.200036476,1953.594612,1.89321268
0.158782162,1073.456559,1.791433151
0.197415802,485.7126367,1.032565643
0.04870462,1534.20635,1.454242137
0.091427303,891.4925333,1.816507841
0.062803189,1768.401282,1.577565878
0.131447199,718.569835,0.875020955
0.111035883,2164.838777,1.433800507
0.071123326,303.5445699,1.841506966
0.15396375,1502.740615,1.967959939
0.188324457,1625.257346,1.619352817
0.195321577,1397.115793,1.454112469
0.189324755,616.5134799,1.793380897
0.136146932,1627.72702,1.64217756
0.067912269,620.1124086,1.564151177
0.159562748,1041.008256,1.59349046
0.247653391,1235.057501,1.671190281
0.157002582,1917.569115,1.062575632
0.171629541,1262.754703,2.095824421
0.234378774,387.8659588,1.826909102
0.201693972,623.8787815,1.000534303
0.11059688,1658.583919,1.173667946
0.153288789,903.7673164,1.279581354
0.081808613,2004.202043,1.883723415
0.189341434,549.5464151,1.73688542
0.220939273,640.2603938,1.83636006
0.108663212,1771.309168,1.078705813
0.080199623,1621.64425,1.037406369
0.144791479,599.3412484,0.922988486
0.152271517,1257.825565,1.149736408
0.276486786,637.3161699,0.913491297
0.189292432,1325.438699,1.306665178
0.221082175,1500.58698,0.819682146
0.235790024,252.5940752,1.260148701
0.144055162,1389.809546,1.956506562
0.159726266,803.7590405,2.135972055
0.217676835,893.9481082,1.40907012
0.132632089,201.2963483,1.913816712
0.207993094,1424.521117,1.553008176
0.136835433,1205.953416,1.887618928
0.184088798,1259.826887,1.152423498
0.140568201,1222.446058,1.404944383
0.065936736,1619.555372,1.816610904
0.065275431,1131.20297,1.560415048
0.114774891,1432.578569,1.109981742
0.075151503,529.3307634,1.813649203
0.178983984,521.1469911,2.057984086
0.152097139,1154.003789,1.657283245
0.137017168,876.2893235,1.576492253
0.209911196,1198.210477,1.955458582
0.236941792,870.6365617,0.827627087
0.170440091,1782.147521,1.117333261
0.2068933,627.0013291,1.215554763
0.178291959,910.2593214,1.49090384
0.231056815,1302.220189,2.138033482
0.073224811,1637.499965,0.882579562
0.210488736,855.9168456,0.846636392
0.254868631,1316.890487,1.527591608
0.26148846,127.8778192,0.990206643
0.024217059,1668.564225,1.335600179
0.221818164,577.3213441,1.642524439
0.135634642,1390.485343,2.107565568
0.064929828,220.5496545,0.750699329
0.235165305,881.6370647,1.119641892
0.164876452,1852.817978,1.055084213
0.121250163,1760.944611,1.016647162
0.184263463,1415.020724,1.712735658
0.144362448,258.9027616,1.377524757
0.267487784,1479.333688,1.303791044
0.15126774,561.6142849,1.698851044
0.225549978,1393.222431,1.368742025
0.181534291,1509.385872,1.362197097
0.205912156,755.4991637,1.11339724
0.283806893,2199.514968,1.683076465
0.213615065,1752.757363,2.034070382
0.175028219,637.61669,1.775887972
0.123120427,2021.358356,1.096205929
0.297757696,1358.761237,1.335009267
0.198244379,1296.822909,1.554377041
0.283964419,1945.357272,1.309284185
0.24553652,1374.14705,0.724689332
0.170014332,1613.39321,1.558729435
0.189115897,1666.825793,2.081599753
0.162722264,982.7467301,1.318924945
0.098277194,985.0778626,1.350441323
0.117711217,1622.20383,1.242066129
0.289435926,1452.982677,1.758541641
0.138169162,826.365901,1.16234132
0.149242182,1380.923383,1.122600907
0.055800691,1871.413,1.577789358
0.142182741,1599.314518,1.434593735
0.209167503,1085.205793,1.935634714
0.100620498,1130.946053,1.695843922
0.133889985,1730.105792,1.016646933
0.171955396,1146.307973,1.60317751
0.213291975,1886.014465,2.03576289
0.137433045,1742.391893,2.113680202
0.204370958,707.7429311,1.387571918
0.066915004,335.4108909,1.79283391
0.231606847,1962.763297,1.857626193
0.144560925,670.232745,0.920861485
0.207356028,679.3869171,1.902059933
0.171840814,1232.631984,1.330279924
0.172158395,215.7968584,0.816760736
0.118643025,840.5549091,1.122778031
0.116747145,1446.389507,1.997208387
0.193590989,1538.47317,0.967214137
0.232682375,814.5246457,1.357768986
0.094671995,1211.253252,1.404749961
0.020398888,1967.409264,1.18134816
0.171803596,963.4204948,2.112172629
0.125593159,1244.941639,1.588650367
0.141559565,1007.641726,0.855613286
0.249846537,1029.307625,1.733588496
0.219192057,570.7149947,1.30609096
0.17041491,1056.186687,1.116970992
0.224260577,1047.194192,2.007670778
0.274843835,512.5151165,1.642829767
0.06432447,1467.705175,0.807479637
0.200090261,585.8102219,2.11362019
0.166467723,1419.109168,1.393130413
0.165485694,907.6871057,1.742842297
0.105474804,624.7295958,1.079750508
0.172547738,870.0454725,1.59654551
0.136201106,795.0282086,2.081059982
0.203661763,1045.171938,0.817010581
0.035490046,933.7733923,1.542932778
0.111653029,1830.80755,1.609497865
0.255470054,1666.416723,1.367446765
0.102180545,703.7963376,1.495615286
0.025461154,1341.361513,1.310461159
0.272371969,1639.972199,1.555387898
0.234084509,788.2396889,0.779365664
0.176052941,1349.185085,1.371981675
0.089552379,1136.662226,0.806032845
0.189728287,1796.010107,1.757033793
0.195741778,810.8175234,1.667880545
0.134027523,1592.634065,1.968590692
0.212179919,334.5176036,1.593664157
0.282929864,1497.975055,1.625751377
0.188046187,1247.67775,1.594968311
0.11291354,1372.341823,1.893866892
0.156973013,1160.700247,0.951773775
0.209779932,1293.609933,2.118127165
0.194732069,1050.293105,0.918291199
0.257417827,1518.574929,0.934404335
0.225736906,629.0072813,1.898936134
0.139888323,1505.085239,1.539036863
0.162478257,1755.857749,0.858042405
0.140480721,878.7841604,0.948678253
0.073705316,1594.184167,0.858639469
0.164342924,1557.070781,1.398652864
0.028028777,690.3540433,1.438433741
0.130646753,451.5501505,1.632354011
0.226484079,990.9515737,1.556394533
0.210031362,258.5619908,1.906292175
0.115661436,1246.997627,1.720286676
0.067364489,976.3048029,1.026388844
0.154277801,1138.545756,1.52612336
0.297234023,927.4394492,1.755776365
0.270031361,1082.068635,1.069166555
0.17255617,1218.81449,0.750255506
0.223406424,1156.332613,0.870219879
0.095915441,2180.578719,1.688847726
0.020148941,811.514405,1.585799031
0.117775652,1868.427533,1.106540421
0.109223554,1828.911932,1.243241537
0.151102252,897.0925993,1.067514917
0.060237705,546.101846,1.901598472
0.104494108,1298.423544,1.993089865
0.173352705,389.2114372,0.832376605
0.128094385,476.2987651,1.571430831
0.185478236,1539.14436,1.89568542
0.203226478,698.2063243,1.001261617
0.244386981,1626.547363,2.1463737
0.129231976,1594.088628,0.941835693
0.192034655,1482.920905,1.603831079
0.199773955,2089.522545,0.982619874
0.160571035,1155.504744,1.452260231
0.12010628,1517.312873,1.257358694
0.141623019,1486.676412,0.812847569
0.119854035,831.6416132,1.162837873
0.252684894,1234.912383,1.026018037
0.083556069,1165.164443,1.223190235
0.185496444,549.0103588,1.921883054
0.119109474,670.8411272,1.442959675
0.20810581,642.5293156,1.617924541
0.14622656,1604.579918,0.722311011
0.219722138,236.7314982,1.827318117
0.090137106,1321.304389,2.097503568
0.205184313,1333.337511,1.476468789
0.096809122,1103.015404,1.224235475
0.12816826,1252.447533,1.211214218
0.167887894,1466.541724,2.09768886
0.129037791,832.2895117,1.508689669
0.154470541,1208.353259,0.963150497
0.028338085,508.159122,1.435581864
0.260464381,1429.587593,1.676708199
0.191492098,1638.299855,0.898181154
0.167935444,1921.655173,1.438185772
0.072455211,974.6166938,1.761350297
0.085982968,1253.842987,1.988246949
0.118250417,1040.303204,1.815351338
0.164492329,1749.562316,1.915322962
0.241735535,2116.367757,1.89524231
0.048057847,2105.247248,0.729188472
0.065270942,1987.71532,1.687355654
0.086437691,528.9796119,0.791948475
0.105664762,1620.020157,1.860303194
0.079216128,1465.774635,1.338204227
0.180200577,1374.953538,1.350852147
0.179865599,679.3002788,1.567388857
0.176310251,938.8302204,0.726444242
0.183464061,937.6142215,0.921116899
0.168573322,1493.44202,0.739065107
0.147342848,1040.712273,1.048118581
0.068728318,765.352961,0.984655861
0.123733613,1608.387531,1.594821059
0.236099116,1322.719888,1.401541426
0.176621057,110.2371024,1.310955534
0.228518971,1842.51627,1.206647055
0.127798043,1509.720877,1.425181285
0.175001688,548.4166641,1.460248169
0.177652765,1632.25369,1.028254367
0.210152066,1446.985662,0.737859351
0.092437419,1290.766726,1.600924686
0.097653361,796.4924229,1.449296406
0.092885193,976.4704588,1.086411737
0.113951057,180.9719261,1.114598392
0.242121686,1778.238069,1.329277139
0.242071542,850.2367684,1.158057663
0.219643329,879.8753171,1.914880384
0.106643755,546.2737364,1.83738407
0.160013804,1611.662249,1.610706811
0.183396714,1826.578573,1.87576938
0.079632293,960.4136063,1.153459092
0.227561594,2098.95091,0.801758155
0.291709927,299.5796992,1.069876896
0.174050227,467.5031546,1.548945021
0.190757111,876.4435762,1.338485081
0.091648124,1355.811322,1.377063955
0.120578506,1010.495292,1.900219751
0.101586044,1502.865555,0.948321754
0.118714357,2076.708621,0.917258838
0.15421396,718.0233035,1.970788037
0.121951823,1593.974877,1.31556969
0.170875942,1148.181042,1.480405999
0.131656688,1766.560351,1.417868653
0.123511159,1368.480169,0.733288343
0.193450848,1614.495559,1.162034005
0.187025417,720.4538441,1.68153315
0.101589812,1580.442554,1.472396507
0.277600004,1180.42772,1.949611192
0.058166512,1873.404189,1.978570798
0.122342269,1236.905041,1.682686154
0.120999891,1011.796135,1.068573172
0.089627395,709.9592398,1.581588395
0.240708672,1779.305818,1.515713746
0.145801934,536.4135148,0.960842344
0.170885827,1322.004854,1.444706123
0.094078297,1277.043042,1.355212979
0.166197044,1505.552505,0.8221042
0.16713406,1869.898366,1.474984415
0.118835666,1968.052189,0.929915844
0.075681767,346.668192,0.943168874
0.190125883,987.8937603,1.594292263
0.188094664,773.3963655,1.250468675
0.207062826,452.639848,1.853894937
0.188696296,1419.369257,1.328676444
0.18945986,1349.788693,1.767154654
0.189351992,1379.169146,1.672680517
0.120358842,1383.653313,1.405238349
0.235397366,1556.879049,1.28585238
0.208098968,313.351121,1.706996464
0.14922816,1462.546212,1.713277388
0.126601512,1227.831173,1.654519532
0.126859363,1324.854289,1.421571345
0.192616319,1076.743662,0.747323397
0.207789253,1124.858116,1.729124457
0.281224315,289.8322316,1.191911107
0.062170225,1027.185534,1.106784232
0.099825721,1066.676454,1.655534634
0.15098165,1093.960035,1.208007958
0.17853644,1067.80893,1.191918988
0.141644978,895.1830908,1.354097859
0.203307317,1188.149138,1.757735909
0.190267109,1314.896238,1.172072319
0.259156556,1312.299177,1.528157338
0.268785973,1521.52431,1.205577761
0.144658813,1074.508257,1.071122201
0.173350646,1140.450452,1.666805766
0.11594963,1604.338143,1.202880992
0.250954289,796.9122808,1.800558267
0.299370507,1372.269024,1.598611744
0.136637982,703.4229881,1.561120324
0.188046167,223.4628572,1.567253342
0.134890905,1013.586777,1.517012587
0.238176021,1455.378167,0.763077371
0.178291351,772.1335168,1.572738436
0.126404585,1818.879985,1.141478725
0.219527896,1424.051078,1.819585155
0.208849743,1183.464716,1.989188715
0.147044519,1400.820578,1.538810915
0.24234524,1823.243749,2.112500511
0.165560526,1288.422677,2.04733803
0.178774172,1103.58808,1.03999811
0.171697071,1110.835716,2.039351316
0.220030444,528.1924056,1.696437
0.188385462,1144.449669,0.804640171
0.027318533,1577.757494,1.779897005
0.06490621,1352.60553,1.426960057
0.160938251,1855.428591,1.430981746
0.058215388,1397.386133,1.256857071
0.221958525,1034.478825,0.977887177
0.184323369,1205.106113,2.103325627
0.171468912,970.7356566,1.805144355
0.20792676,892.9549092,0.774589586
0.178255488,826.9122443,1.938168365
0.18391805,1285.065515,1.510247968
0.229849395,1553.604425,1.12168825
0.207946361,535.7717463,2.104419385
0.21031662,561.3785612,1.804645889
0.164196998,1150.471563,0.891193848
0.163140178,816.2611052,1.756960255
0.13238682,1511.843859,1.262814144
0.23576981,2007.847403,1.372005522
0.146622174,140.5337782,0.8235715
0.065479172,1783.582541,1.962307396
0.190565043,1573.635222,1.380784959
0.273711913,719.4692959,1.403362742
0.126747695,345.9104014,2.089339149
0.15493679,1125.446334,1.270993465
0.201809804,2037.899069,1.796889293
0.178288663,1553.980517,1.319711848
0.135224141,1187.528951,1.497909682
0.152190708,1798.784014,1.80839319
0.157341643,963.0336301,1.829082581
0.04436969,1247.2323,1.64742717
0.224742614,1712.504987,0.974214462
0.140192238,1573.075194,1.431818752
0.18082655,853.6940634,1.36512107
0.193413388,1730.081292,0.84632517
0.083768993,1119.06271,1.102724313
0.227619155,415.732396,1.098617448
0.162918179,279.2920762,1.30560833
0.135591529,659.3990816,1.618833706
0.200982467,1248.567403,1.652633944
0.185522502,1728.849432,0.788526183
0.206166146,1324.966851,1.410803771
0.286731056,728.4040757,1.836003629
0.21905972,646.6964338,1.887986447
0.100610641,615.8931678,0.976486598
0.184769115,164.3547743,1.031215529
0.194974837,1209.545838,1.922432603
0.25727317,1557.068875,1.793044712
0.02202594,1432.890416,2.108754308
0.033765265,727.0197456,1.992209094
0.227040179,1483.738091,1.119668435
0.122165838,1834.4042,1.925315742
0.2371703,1144.929062,1.573969805
0.164088835,608.8186653,1.695918498
0.095427214,1000.918034,0.740423198
0.213704044,2107.179543,1.611504828
0.205740014,1561.873501,1.249376815
0.17831207,1601.321491,1.513474971
0.250387191,1585.516056,1.579131564
0.260126191,916.906086,1.584982769
0.176178255,845.8462144,1.561878463
0.046706693,449.2491782,2.080472028
0.052191114,1726.959212,1.734722807
0.218315422,843.7166216,0.785360104
0.072813698,1856.422138,1.553348739
0.110317019,1506.025652,1.693992916
0.198079495,1608.288224,0.762078493
0.125317356,1689.662391,1.448079099
0.275266836,805.0264465,1.584598606
0.094859325,1257.61135,1.000218624
0.125288913,1411.569932,1.979517321
0.189798259,909.1863945,1.453750018
0.121935301,580.1448144,1.131025436
0.170328389,1988.213727,1.441473185
0.253740659,612.3901357,1.082695873
0.073238234,1774.429779,1.462672981
0.097642268,1210.409414,1.428111581
0.154577764,705.2978155,1.344812856
0.13842218,1806.26551,1.716265714
0.026769731,1551.608814,0.944120571
0.112185109,1706.470445,0.850431396
0.202441711,1218.987759,1.098896498
0.198359236,1262.388269,1.645322882
0.172836879,1348.526692,1.910653825
0.202574642,1654.498316,0.927570172
0.03953518,191.1895973,1.603083773
0.290629076,2005.767223,0.769061378
0.23644685,938.9937851,0.986295928
0.160137759,999.047874,1.057579083
0.168282357,1398.134256,1.613224058
0.264370064,1937.993581,1.420635686
0.146200808,1569.356339,1.419655512
0.232810161,1577.801533,2.115853677
0.154464064,1167.865243,1.683938873
0.236141021,579.7729381,0.855356023
0.120147134,1616.116467,2.049855391
0.294567328,1232.968403,1.02042787
0.283388959,788.5793095,0.833466805
0.199621128,1271.355098,1.191581275
0.218266181,980.8708793,0.769823691
0.191886528,1446.383631,1.251035328
0.252781426,740.3354017,1.592627164
0.201636017,543.961587,1.817770491
0.061593977,1162.280216,0.756995693
0.06113269,367.0919934,2.126572675
0.232013175,1365.667135,1.444602958
0.155220317,1679.202144,1.522250063
0.143632083,670.8439322,1.807834015
0.119176408,416.6261294,0.907180298
0.199895052,1546.186162,1.169269935
0.169502618,1522.18761,1.24227721
0.071517518,694.929847,1.401767768
0.255357653,1109.105163,1.884878727
0.2696875,1454.260833,1.960355815
0.071972655,489.7810495,2.016538024
0.11853766,405.7448793,1.155852189
0.06732271,1039.869913,1.614649481
0.14771355,1679.854843,1.327828571
0.131927477,331.0859727,0.803727456
0.178497697,786.4593851,2.015650811
0.176383184,1727.175964,1.118499696
0.16630493,653.9498988,1.02467204
0.253335079,2014.164657,1.296109301
0.07840259,933.3669924,2.122536239
0.191897491,1560.941878,1.996844122
0.075548027,1438.189183,1.456021625
0.151744608,1787.821559,1.704109047
0.159608081,1253.170631,1.264153711
0.135267925,1646.281135,1.723022096
0.268242336,1237.56456,1.037369182
0.078102845,973.6524127,1.062674871
0.22722616,1007.388769,1.195230325
0.131004594,872.1911669,2.070280659
0.246576817,1154.532675,1.963629788
0.280192064,175.9428994,1.711984075
0.081985301,612.7043859,1.115923071
0.110935642,1903.688295,1.464453428
0.196967916,433.5224116,1.731523904
0.072778483,103.5578971,1.593679321
0.222862453,899.2074114,0.760936663
0.114092049,876.6892938,2.138108729
0.209979449,1033.789996,1.371499531
0.126657699,673.0281799,1.149352034
0.120828363,1846.808274,1.672944718
0.253821339,762.406459,0.870837046
0.131911773,653.9507311,1.753253697
0.024478413,566.6423645,1.932747495
0.11305232,1720.931441,1.279105271
0.157486743,610.0749673,1.158208358
0.068951172,1783.364388,2.003499017
0.22464158,409.1043562,1.882768637
0.139527742,177.1155358,1.903816521
0.087503736,1115.098033,0.833903413
0.14830271,1876.879875,1.561044302
0.094272831,1294.54895,1.668153502
0.231412069,119.3434989,0.959714862
0.169490172,1982.448075,0.918664995
0.17137499,428.711646,1.495059647
0.117132844,1463.525826,2.076769078
0.156021207,1117.917354,1.52232966
0.047575466,1928.397903,1.503395964
0.059842323,737.351009,0.752986411
0.123247573,959.497392,1.51159213
0.067937406,1433.147059,0.807225889
0.021895128,589.4615357,1.553060667
0.126635536,548.3559308,2.137453528
0.182925556,1892.918634,1.003303437
0.226688146,714.4032947,1.855727769
0.089600417,286.3394272,1.979450293
0.227025153,1042.786599,1.71935056
0.17923916,1073.763022,1.254798551
0.288438044,973.7358225,0.873254399
0.217393192,178.3736175,2.074371033
0.163866571,663.1681083,1.409685173
0.031295792,1767.875359,1.873305843
0.161626448,1361.57618,1.699401219
0.245775175,1187.727937,1.948832208
0.18580033,1027.296468,1.366810485
0.056748316,1597.999123,0.789567334
0.093525023,581.7874098,2.052623759
0.288264126,1171.710996,1.526787229
0.123115098,761.2009418,1.123130987
0.067235406,2084.323316,1.44324714
0.219764557,604.3906356,1.693767237
0.14922827,638.2378926,0.789993495
0.253547193,933.8783498,1.715817752
0.173853773,1984.899878,1.191108927
0.147914392,488.4790523,1.366107446
0.186699307,1413.82226,0.899992215
0.07011102,1474.145925,1.169824627
0.065653569,1093.697874,0.853790525
0.17715236,1280.69071,1.657765935
0.258840384,2025.402576,1.593803501
0.220402222,1230.822797,1.863613437
0.215814432,501.8748649,1.264105489
0.159704786,1073.487592,1.052262864
0.140192196,1244.133332,1.140497177
0.214448723,1547.055915,1.829341184
0.06766779,1226.949455,0.971844072
0.267565624,1225.628073,1.739479761
0.09448711,2100.673318,0.982960761
0.221970805,2093.617702,1.959983256
0.097053474,668.7069095,0.933947815
0.218689449,854.2260763,1.880541039
0.063860143,388.6130549,1.353252804
0.160193577,207.5115656,1.465081053
0.040257978,1312.761701,0.989998863
0.1041681,931.0922857,1.795319171
0.210888215,710.2931313,1.841056935
0.148518121,342.7965772,1.105374459
0.134127606,1451.787408,1.069670045
0.097429919,1573.577976,1.50827045
0.25503438,1202.193841,1.1011572
0.150613833,1813.500529,1.071549833
0.251556865,824.148741,2.128642496
0.203523756,460.0659486,1.186892564
0.162581251,662.6095526,1.569581367
0.171987442,314.2353264,1.18628319
0.066190873,1950.113087,1.639186832
0.110083152,787.7659351,1.086396397
0.026577157,1484.965584,1.322026797
0.239830042,720.4424186,0.918223692
0.222816514,1292.576688,1.637320627
0.210256252,779.9240449,1.905580204
0.140180625,1596.063375,1.942585027
0.171383835,1330.576938,1.988982675
0.048521916,1120.593888,1.938035111
0.096635132,922.3827194,1.513086998
0.120470688,578.0362726,0.875405077
0.183643899,2113.082981,2.020465726
0.201006378,1688.242799,1.219989811
0.087036807,1764.170068,0.943198915
0.177258594,1669.645337,1.117897694
0.186572051,1563.235125,2.021483251
0.095686185,883.1325072,2.093409545
0.164310553,1547.208598,0.784698656
0.104140528,843.5328833,1.15346105
0.159590393,813.7232087,1.253267992
0.088073057,836.1762573,1.459130468
0.20725909,1234.233536,1.535143091
0.130827303,1753.656753,1.083184338
0.117637111,1371.450004,1.576031126
0.189579636,471.7000542,1.418740186
0.109193719,1248.667234,1.013932338
0.217263041,1797.746687,1.253567283
0.04887093,1172.092299,1.33561221
0.179485467,1648.814791,0.962963503
0.106672614,788.1486019,1.155162145
0.126050405,1179.242785,1.481549174
0.132285476,1152.467531,2.033594813
0.158350653,1577.970521,1.836758671
0.130508899,726.2188057,0.742372118
0.247242968,795.333378,1.419932655
0.269469935,827.4809766,1.133109804
0.220280155,1915.083799,1.048131518
0.153882946,1420.46046,2.132768514
0.140028704,1150.954271,2.037749476
0.177160458,1317.392145,0.716276448
0.207568218,1740.525892,1.612423038
0.192854089,858.4271742,1.749560255
0.118215735,1037.115813,1.862799088
0.062215343,1444.076184,0.801225472
0.18883826,585.1380852,1.938921494
0.085541253,1198.81693,0.989775177
0.073434184,2088.126394,0.967899449
0.104728364,1557.244203,1.63782081
0.095145878,540.1534271,1.063313121
0.076910197,1538.297309,0.804412686
0.174502311,215.5428072,1.213039541
0.22637905,662.9220234,1.897994432
0.091879256,1172.781029,1.87907236
0.174697887,876.7047913,1.037879404
0.198528754,630.8876192,0.94440323
0.058819011,557.8729068,0.775933079
0.25141929,1315.08322,1.257066535
0.198281506,1342.707224,2.143182155
0.234859509,2068.862058,1.503637976
0.085085667,946.5775727,1.212259262
0.12193826,1750.620648,1.859821626
0.07917121,1163.607386,1.292579175
0.197628763,732.2595277,1.467461314
0.253114867,1247.955885,1.704097433
0.175688549,550.2200256,1.458093746
0.133314838,1273.656805,1.401694087
0.163171749,1483.591962,0.792610001
0.161194275,387.0172625,0.975407205
0.063979033,697.3034368,0.779355233
0.254070457,1545.726028,1.80848544
0.162454444,851.9551194,2.096124795
0.173859561,938.5549711,1.354047148
0.231531642,1246.765258,1.439770736
0.19266688,1491.908767,1.591139219
0.141394349,1486.767581,1.398155538
0.19875451,852.4601739,2.066243623
0.111998926,962.3252856,1.352380587
0.1999935,1471.709531,1.839573083
0.106152923,1218.878307,0.806764675
0.187833761,953.8341559,0.766684534
0.197528659,924.4102009,0.909332819
0.04789318,1622.442741,1.082251327
0.073309627,987.4777042,1.289581507
0.048470812,1100.498109,1.310115586
0.183837305,479.9926588,1.028008097
0.218584404,1187.318585,1.50845339
0.081407236,822.1278765,1.773151543
0.174950044,961.6366069,1.560908091
0.216512934,1385.172499,1.722839167
0.290639044,447.3927446,1.450534571
0.070214284,1222.84223,1.320215973
0.19341693,984.3449592,1.55817607
0.169253151,679.1386471,1.400084495
0.111486282,792.9366384,0.787324056
0.178249044,504.7834323,0.807304481
0.166505649,663.8557964,1.331623744
0.120938413,582.5274237,1.447913326
0.226843306,1552.478153,1.573907003
0.103093713,177.9023537,1.29867099
0.203875108,1758.766816,0.884978664
0.150913787,852.9897131,1.76005577
0.080641838,752.0348912,1.422221049
0.133068964,1700.739291,0.986227712
0.198212142,1682.514087,1.122750362
0.148295506,1900.696335,1.096723083
0.209416208,1109.4986,1.221178853
0.197025649,941.4359293,0.895841894
0.167231988,763.9758363,1.243612788
0.123672609,1037.521083,1.482962439
0.193458003,1390.427612,1.122061042
0.232671575,1279.946615,1.444974525
0.042656646,993.5569674,1.570764506
0.229204801,1928.431626,1.530776227
0.230478147,1400.955913,1.384588081
0.141974117,1661.464417,0.787674418
0.203452017,595.5059655,1.972162499
0.028862907,1430.594056,1.61352965
0.228460263,1205.524223,0.960730802
0.187088537,1729.220335,1.497307688
0.257937566,1458.308474,1.179483629
0.059582675,726.3372336,0.767061564
0.217447682,815.1562113,1.685728318
0.207824193,921.7455158,1.428580692
0.080819667,1461.810308,0.904000895
0.202852313,2091.409842,1.058101411
0.201627661,1306.108248,1.17994515
0.194198575,1215.601866,1.028540032
0.257877602,1672.359624,1.629529268
0.175998591,1857.224352,1.471008988
0.238084747,954.6452877,1.227546242
0.131343187,1675.70832,0.795589952
0.15077365,1590.99391,1.102616174
0.253635729,904.5475733,1.014357452
0.160795764,1093.571384,1.630996554
0.141323337,1448.582495,2.130878159
0.078275535,1414.675747,1.756220672
0.095963261,219.8219102,0.779676513
0.154953975,1993.842865,0.977440851
0.130578051,630.0669032,1.657669033
0.071391206,1981.968209,1.144497298
0.134199417,1025.727911,1.854161478
0.240593694,1459.784144,1.076007798
0.15430606,736.4101748,0.780247141
0.048682658,1110.635652,0.982710393
0.18577479,967.3945581,2.122303291
0.220911295,1417.778117,2.114175518
0.096809068,857.5381987,1.838563411
0.165303329,1823.323724,1.923173358
0.274591162,1178.901375,0.731248563
0.143524349,2054.602679,0.891349368
0.226105872,1845.451685,1.022880806
0.118598964,543.0754231,0.818248127
0.116882984,1465.274559,1.983708093
0.215450123,1758.257335,1.996419807
0.180524688,1499.740717,1.77252727
0.238896121,829.1484599,1.465546008
0.13508745,781.5398613,1.085934185
0.290921449,1540.99689,2.068261316
0.113716955,822.9714338,1.06847185
0.116322333,691.6244186,2.117458003
0.252297308,1251.837189,1.418882404
0.059269015,416.8966638,1.591786518
0.190218879,1094.495409,1.635597544
0.133502086,582.3123961,1.601845999
0.078383141,1354.996066,1.306561395
0.182369396,845.4522557,1.10149922
0.20329009,1124.643508,2.052671109
0.121052565,1192.960336,1.015471208
0.154293594,1583.694604,1.547946676
0.131847226,1551.160429,1.902970245
0.1524946,1575.958917,1.260884588
0.105222038,950.8536618,2.050420675
0.117572472,688.2821081,1.18743776
0.216790243,1202.341216,1.919099321
0.145927842,777.354702,1.583345496
0.0701738,1630.756806,0.820937033
0.203134528,475.6901928,1.459340356
0.08186493,1199.782625,1.290587196
0.217603206,1498.790301,2.065462222
0.177275372,894.7180861,1.088021769
0.040830916,1391.436279,1.214498315
0.088971395,1065.323029,2.138753664
0.199246122,1245.739144,2.09422279
0.210805953,1417.180618,1.717725062
0.282862939,743.2638385,0.879782123
0.107367672,1289.932344,1.313445158
0.220502107,1527.065902,1.763303696
0.088669937,1874.462279,1.638227193
0.219571243,1144.763845,1.197952412
0.160248625,1551.726716,1.216158155
0.128902673,790.6271121,0.728317864
0.057143812,1439.671892,1.7421162
0.255905906,439.2424398,1.706916127
0.246928609,2039.504564,1.200308017
0.259961445,419.6611405,1.618514786
0.184469781,1693.074347,1.648141362
0.112225404,806.1601755,1.352329506
0.090848362,1630.779831,1.307830361
0.19459363,1372.264101,1.524015193
0.143825511,1327.771011,2.116932912
0.281448988,1165.020833,2.001149568
0.196239529,279.8504852,1.65409471
0.15780496,1047.927017,1.101300027
0.25477422,1351.385461,1.450033712
0.224982101,567.1819741,1.798359657
0.253877907,1430.773031,1.307166738
0.145783596,1791.482676,1.436171135
0.070342047,1165.244188,1.602553154
0.191397041,972.6729126,0.808383322
0.02348666,417.5119237,0.929986073
0.280752505,454.3695234,1.468290173
0.244226354,1523.511518,1.043473645
0.038965862,331.8651844,1.585117074
0.223663046,1570.310989,1.37778346
0.188326608,1209.697067,1.255609218
0.042015588,518.0869891,1.48376864
0.187845037,870.6077104,1.216350432
0.291954266,1717.680705,1.880960164
0.119683108,986.5769949,2.144078483
0.113977195,1941.08899,0.906956141
0.246298453,793.8537329,1.835069493
0.105968073,1334.375628,1.887392546
0.06157877,1180.271796,1.251382332
0.172086578,495.6937093,0.811988157
0.263242651,1448.407253,1.551483056
0.241182285,155.0350922,1.181208865
0.037145743,1610.849944,1.34998872
0.169337904,259.4066157,1.384115847
0.207237353,1001.357283,1.899941376
0.166698657,1592.494592,1.311320966
0.17571951,160.1880295,0.797391543
0.176060464,2007.886623,1.555096116
0.163916894,2093.121987,1.893351852
0.05338531,968.8983627,1.417741337
0.219508465,933.1676699,1.810966567
0.097046508,841.364463,1.370252923
0.128868702,1007.324688,1.165652289
0.198035502,468.8714207,1.639195811
0.195773721,1233.892953,0.861132377
0.257358133,601.5697299,2.121031069
0.183732472,1006.135079,1.873264691
0.16207548,878.2949796,1.70708394
0.198510688,1359.557802,1.467163714
0.265123842,1811.405709,1.134654557
0.252440588,873.1495935,0.733603311
0.107538144,1084.705295,1.827477211
0.051895882,1003.364458,1.165709743
0.190510006,913.5653178,1.600577299
0.143429728,1181.515171,1.330184632
0.186522852,1717.561351,1.086096948
0.208328128,1436.56789,1.631466784
0.020543913,668.0648351,1.417736773
0.098203406,1817.196145,1.901962943
0.058801426,1354.491025,1.870604583
0.259589383,1397.941901,1.349499195
0.145134996,1975.151362,0.845887259
0.204041402,1000.250783,2.073364873
0.167270813,730.0283337,0.903822881
0.276198656,1312.335677,1.41972455
0.287825895,718.4944228,0.856639437
0.249118546,1632.618513,0.912773433
0.201577928,1422.856415,1.522932823
0.208966259,1036.280745,1.038228798
0.122468959,1254.29592,1.045908967
0.063003062,1815.416032,1.336594474
0.113072129,494.7431008,1.307600287
0.077040373,1289.236596,1.197673073
0.130675824,1408.453575,1.124934445
0.289088075,400.6188974,1.914765762
0.04095435,1825.844747,1.548395727
0.212478601,444.3217236,1.111676789
0.195210382,1926.611539,1.539960691
0.167090393,1113.205413,1.665782749
0.061584416,817.9770069,1.63716249
0.191201395,1143.368676,1.792052882
0.2281037,368.4807857,1.592971759
0.087141392,107.6520621,1.387705237
0.190404134,1163.506053,1.798528237
0.173444305,1736.875182,1.510645106
0.173270636,999.728871,1.156087824
0.139901117,758.3292122,1.7731177
0.245103546,1170.029239,1.109955239
0.116168191,821.9008653,1.783773478
0.161399953,1177.440002,1.187971852
0.149232724,594.0748547,1.569790649
0.276929798,633.9242004,2.000565229
0.175235801,701.8694263,1.634505268
0.165937154,985.2431168,1.288679756
0.193518964,1951.283588,1.744115438
0.187460487,1194.003336,0.72275436
0.142138157,1983.829138,1.492698768
0.179926,1455.056125,0.832677959
0.190049594,1368.423763,1.5395078
0.102182042,445.4508502,0.94659986
0.214187414,681.8459266,1.163754844
0.1145542,1550.514363,1.28537429
0.197094325,1596.449122,1.493652562
0.144935394,172.6544987,1.442942565
0.146561648,572.1770431,2.064127417
0.112843754,1731.433095,0.923193916
0.285528749,1522.214685,1.54015592
0.157034784,1301.735426,1.793062367
0.147387673,524.7252141,1.267480359
0.255881991,1945.242715,1.898258715
0.198764768,1078.072194,0.984975797
0.123312103,704.2541729,1.6674195
0.04436511,1552.081916,1.882791885
0.088700014,1698.978868,1.376973095
0.084378979,1270.289705,1.6763367
0.264624556,798.5772463,1.966863931
0.137583109,1936.244545,0.776038495
0.204861981,424.9922105,2.140740383
0.227924046,1344.383059,1.940347134
0.052610787,1618.771533,1.590957413
0.17689494,1581.78935,1.288086781
0.16078264,2179.852349,1.29244808
0.167167524,565.5119099,0.8302769
0.193010692,1506.324482,1.190001809
0.134078796,638.331565,1.974397721
0.182646301,713.4089493,1.440471559
0.135262504,913.9758592,0.941154187
0.110405685,1519.012467,1.135373858
0.038495418,662.5397083,1.722782537
0.09123844,506.2219387,1.722755517
0.168482545,687.0370351,1.637780797
0.228687752,669.1734835,1.302783529
0.185255922,833.068081,0.955559659
0.2008204,488.1264211,2.00728621
0.145216264,408.5137185,1.283407377
0.060684055,1736.240999,2.126719275
0.158342131,979.6205191,1.94807411
0.200689359,380.9768613,1.831160986
0.131148724,1439.455061,1.675857197
0.105989599,884.5746722,1.531073829
0.116819721,1612.253356,1.878601079
0.142984254,1613.696256,1.052484611
0.111774344,608.9017042,1.578054946
0.173524697,1113.008569,1.760010403
0.073522285,1003.171955,1.622560742
0.069997975,2053.823666,0.969788348
0.256059927,1278.175744,1.496317619
0.135464078,1668.156236,1.440512891
0.230725139,1766.019796,0.863176662
0.224020782,1931.792973,1.873504741
0.037267184,470.258093,1.54875929
0.204848189,1245.105104,1.849575501
0.129208819,1371.42298,0.831425081
0.13675026,457.0355182,2.103384841
0.082803805,977.5350464,1.188461949
0.150728345,1409.11713,1.058995406
0.148560732,1844.244398,0.950966104
0.177372059,1067.419156,1.297670281
0.20890622,882.999311,0.80288516
0.030250513,1774.70931,1.962967447
0.221908839,1341.766537,2.027524598
0.1120585,1579.585917,2.044844155
0.154661666,1542.472271,1.896506054
0.20979826,535.6218665,1.851434393
0.275519491,1294.041366,1.329508343
0.193279628,1352.58691,1.56410617
0.158332509,823.7364695,1.259956994
0.23181498,997.8213852,1.647977451
0.217194198,988.6788393,2.071665619
0.03594455,810.5893471,1.955240045
0.118962929,1611.573323,2.135329816
0.2572714,2159.862045,0.833462405
0.104454953,1664.054933,0.913876762
0.100599142,995.5744056,1.632452038
0.056848278,1190.974111,1.828530372
0.13469283,1159.910469,2.034284773
0.022452983,1841.129005,1.894605561
0.0782052,918.9444061,2.020072608
0.253276943,1508.804177,1.519769601
0.081307631,1505.005402,2.043761258
0.26375959,1915.234469,1.325708435
0.041757686,1027.023715,1.590173885
0.131435334,1198.362425,0.762996373
0.117613058,782.2631326,1.681929885
0.111450724,1303.950374,1.436615772
0.251526696,1763.608376,1.024145165
0.285807995,1774.476977,2.131722952
0.118671523,1942.862179,1.112784483
0.15166802,1574.21508,1.752407834
0.185112009,483.1962535,2.091362944
0.099893955,390.4416587,1.811598348
0.215727826,1182.875351,0.923613512
0.240047222,937.4017754,2.008274892
0.210352582,1138.170564,1.540084727
0.193030587,228.1829259,1.006231039
0.152524999,349.9528055,1.290892205
0.080574258,1738.886188,1.307694598
0.120481576,851.3019267,1.562647723
0.118136566,490.7552199,2.070102874
0.029914289,542.6858379,2.035688245
0.199294461,675.8650571,1.914320837
0.270906287,411.0806808,1.029234084
0.087345508,1293.379435,1.512235959
0.236472274,1081.457344,1.189671898
0.154464374,1957.295872,1.482004667
0.163129544,1359.243708,2.135881767
0.111303853,155.2788363,0.844515373
0.045068068,2038.739414,1.547690906
0.046755698,1278.349495,1.415813917
0.249013079,598.3553614,1.329476079
0.289639604,439.4716592,1.73943526
0.228376222,1527.10004,1.334460088
0.243614642,1939.111877,0.954511439
0.224424373,1169.664019,1.108486547
0.092530164,1700.361491,0.861229721
0.057559565,865.9856522,1.291440662
0.154130296,1474.984025,1.658621869
0.285307167,1196.525254,1.21476618
0.081700901,509.9799043,0.896307731
0.285117554,637.4618116,1.697072979
0.198595289,1848.622378,0.961280243
0.143970794,1762.137514,1.424998593
0.09893968,1213.178771,1.588662415
0.09763674,674.7519308,1.686858218
0.164773875,1682.49118,1.849957225
0.282323831,1160.175048,0.889746884
0.191614936,634.0191615,0.981717586
0.063279407,1889.272874,1.989393537
0.055539868,1318.733515,1.138336591
0.043284029,773.6023355,1.675902733
0.064532267,1225.326896,1.580808651
0.064982007,695.0069493,1.844814365
0.099666709,734.0972815,1.895080238
0.162072781,903.0980205,1.961126106
0.088767292,2071.261075,1.644061673
0.066686687,1886.871171,1.985446874
0.245379476,2160.165754,1.45086543
0.128389437,1358.316856,1.521927073
0.217397492,779.9107772,0.955529363
0.149381838,1866.484399,1.807202886
0.15909613,2004.632893,1.943136537
0.056044389,783.9447631,1.057455133
0.094913766,982.122083,1.494686222
0.032475953,1206.876688,0.972875837
0.176361399,1196.336123,1.547408764
0.19019638,2114.669948,0.943857481
0.255220546,360.0901606,1.617984881
0.192948752,642.8811415,2.088168624
0.201334387,994.8261517,0.928306275
0.10317286,1245.753406,1.195978263
0.103661059,938.133301,1.997111399
0.280712221,1459.361959,0.855425374
0.189584084,1414.838558,1.363460255
0.255565497,1208.627131,0.867201024
0.223909056,1087.324606,1.451644711
0.028372053,1004.87679,1.876249946
0.192360803,1281.796866,1.192171313
0.105689831,884.3133821,1.139506531
0.110040907,1271.265692,0.859761507
0.187913707,1680.887243,1.354769281
0.063337066,1689.746012,0.745776545
0.027848828,2198.086186,1.980450757
0.191506491,2098.189486,1.747442249
0.186776016,1281.804508,0.881562772
0.156922068,1959.825565,1.235030387
0.060360568,616.0456845,1.145030807
0.252221871,1833.529129,1.092212385
0.110416385,427.5139253,2.001670443
0.256366835,1053.942891,1.861522517
0.129128478,945.2434583,1.55786998
0.05728578,1430.909611,1.435070143
0.255228948,1426.183445,2.066482114
0.035791744,331.9769728,0.870860969
0.052819606,1125.427354,0.939810766
0.124665015,2154.046784,1.743750366
0.110587879,524.7312838,1.954275165
0.176993319,642.8075684,1.350295396
0.211226124,1598.752575,2.119660526
0.221116289,251.7386628,0.972945142
0.117140966,1906.647299,0.805986565
0.062421919,1317.079881,1.135716883
0.191937029,546.9457889,1.017949287
0.1332989,1496.074499,0.819039729
0.14724053,518.4741628,1.695314808
0.219801641,1228.026796,1.383528127
0.186738154,855.4611037,1.309983778
0.201031285,1210.910666,0.883339746
0.230511396,1383.116142,0.815380843
0.190131873,909.2808982,1.512472871
0.099507282,1210.685861,1.677203248
0.057819746,798.8472872,0.854895311
0.142254631,1524.750153,1.863906295
0.094329552,2137.966539,1.429294889
0.275381539,926.3537289,1.480595793
0.188926026,616.4154721,1.7232697
0.029816328,540.3144197,1.877690856
0.166423873,1243.1851,1.442568057
0.18105928,1386.941603,0.806308471
0.233812514,636.4630485,0.988394768
0.136784109,1387.36164,2.040126306
0.283490443,627.7703709,1.686213997
0.020200944,734.2308576,1.212627301
0.278987372,1898.027124,1.332368593
0.171473923,1099.411731,1.55090094
0.173033491,1135.209593,1.439058211
0.210308346,732.8076567,0.870868323
0.21111197,778.88444,1.698802054
0.278789822,185.0453638,1.22562665
0.2728658,1163.589469,1.22948551
0.217622217,1320.015772,1.025882339
0.109205994,1841.117297,1.028027904
0.210769816,1132.240014,1.591136196
0.034649374,1396.695519,1.708931646
0.275550471,122.8772864,1.334975034
0.155903639,417.8739405,2.08489396
0.046204468,436.8593956,0.785112185
0.056599288,1115.400193,1.817205082
0.293714177,684.1474953,1.031844368
0.20356904,585.6896527,1.123903699
0.13487695,1466.85581,2.134639289
0.161294643,1881.874028,1.050365919
0.182509739,2040.780964,0.953435809
0.238837198,2032.900396,1.591484471
0.068526096,1529.686859,1.169346514
0.206185539,1735.711282,1.246352036
0.226141569,1574.457801,1.138223201
0.256089515,1515.750069,1.096458585
0.269560779,841.9156983,0.894712472
0.127071709,673.5896424,1.036802785
0.129136368,1373.639996,0.821250435
0.25153992,1797.406261,0.881756123
0.214315034,747.5355358,1.451082385
0.257414479,1313.710975,0.826981131
0.172547234,1270.873714,1.611796238
0.180902064,864.222339,1.704955943
0.238519708,979.1631104,1.614225108
0.16284077,1567.522769,0.78668503
0.09279808,1576.548578,1.714669159
0.162848877,850.0769179,0.837831771
0.164611025,1491.744143,1.623332768
0.065695475,779.9300482,0.731629978
0.208041136,1648.288415,1.471950184
0.249460108,566.5881467,1.050831036
0.126440899,1724.96037,1.028844811
0.152341558,734.0900813,1.344928364
0.066886812,834.9986132,1.246379684
0.202874136,1464.802099,1.140397075
0.06763346,1267.768998,1.880859936
0.086684671,857.5970616,1.744396315
0.184555628,1464.764354,1.827059079
0.134682441,1751.253361,1.679445986
0.254247849,865.4432486,1.295996026
0.119642716,887.6125353,1.680093218
0.190896663,1878.185201,1.674585401
0.179150664,1215.937404,1.781578076
0.245852836,338.9456215,1.145482165
0.233548054,933.8886191,0.883052063
0.219532415,638.5996118,2.08354421
0.045733428,880.6180073,1.471133436
0.032070793,1790.085783,1.348592613
0.154782318,1649.168988,0.822337809
0.091026554,918.6363506,1.382757004
0.231394117,936.4388019,1.346084189
0.036702316,1381.728845,2.007234135
0.297986295,1026.882206,0.958379811
0.072342651,1082.193302,1.849512899
0.132794705,1011.416464,1.085210196
0.215413679,1217.369231,1.481292978
0.259834392,1130.600436,1.297531268
0.167058092,652.0807244,1.251906983
0.178686109,1252.327045,1.536284463
0.159077596,1079.271097,1.306019851
0.172893243,1509.583282,0.840763992
0.025557199,209.3758372,0.944291644
0.048737602,2006.28717,1.808195336
0.041177874,1237.379317,1.367563945
0.047666983,692.5785091,0.716380511
0.220265612,1526.709798,1.800196311
0.243099578,2171.14739,1.042219176
0.053729415,1538.735151,1.270628831
0.177136667,931.6149644,1.959190437
0.074315096,407.4386223,1.639322432
0.189657,1527.200508,1.759643491
0.224009869,1448.525527,1.22793653
0.08732388,1864.704391,1.104756122
0.226983447,1596.348034,1.093101547
0.290925821,1164.988118,1.057916515
0.130076468,1564.299336,1.687200043
0.246617279,1662.715063,1.885187504
0.197470347,1520.251757,1.876218661
0.098789304,1907.840973,2.141490819
0.14907075,2107.65314,1.472242161
0.138911038,305.752378,1.54859678
0.230880459,823.1554505,1.186621308
0.257649417,1210.041427,1.416102284
0.247605079,1885.994395,1.120091092
0.14130379,1350.163259,1.64848761
0.126529086,1507.358796,1.039529808
0.197801427,772.6050899,1.865301378
0.070910111,1034.693679,0.745472622
0.18538374,2006.308795,1.032553788
0.227706007,983.5377503,0.976986675
0.110499776,1142.942779,1.608446546
0.094761385,1852.621815,1.405992947
0.134334681,1268.934861,2.061009189
0.174240732,1507.903171,1.372445803
0.0532091,555.8214923,0.761883225
0.181463959,1753.896415,1.428918991
0.144589202,1452.637311,1.042473104
0.06998356,1965.070674,1.102701336
0.048163678,898.5743828,1.990012657
0.077612486,1478.489204,0.785566011
0.203831395,1586.891859,1.830332877
0.247573824,932.0638296,1.274325069
0.114352292,1114.182618,1.584185051
0.245135364,680.1853055,1.271985845
0.127473397,704.3428684,1.498465159
0.105073249,1109.726011,0.77174306
0.219409945,976.0579963,1.763180572
0.244115017,1086.722451,1.69363739
0.087283087,891.3245524,1.574664679
0.197725924,1337.530259,0.795434659
0.203201046,1169.70137,1.803767419
0.156710375,950.2694351,1.715976031
0.1029118,1166.390615,1.824508552
0.081682099,1782.451161,0.812661157
0.183683288,299.9069886,1.952250538
0.180019588,716.5600508,1.780160635
0.08374663,1176.127812,1.031801041
0.123341111,1592.205096,1.365243742
0.053546686,1107.877595,0.935334087
0.186859385,300.6017716,1.154386181
0.104383511,830.2074738,1.063087264
0.164152386,1314.850729,1.145163217
0.234955258,1133.995587,2.09368979
0.294664648,1092.594368,1.783964542
0.157183766,1756.276641,1.954648988
0.069995052,629.414722,1.384941549
0.153314291,510.7219845,0.791362739
0.127011936,1674.26192,0.97396055
0.218785441,1108.701447,0.776399106
0.153871006,1860.013827,1.408813414
0.263488361,911.5705448,1.184098372
0.20016117,969.6058736,0.777029403
0.141591619,1323.475978,1.601841446
0.21774185,1851.503856,1.916885587
0.178594016,1262.520136,1.180013845
0.043352337,951.1884,1.189753791
0.029190383,1827.816266,1.021070787
0.128686627,1630.127988,1.208281264
0.220053852,762.384215,1.255478733
0.228924745,867.8246894,1.257855223
0.199868426,597.0329226,1.977700561
0.110086193,578.9027301,1.185568365
0.122342261,914.6983461,1.7031022
0.069683137,452.1187,1.525933657
0.116325826,1626.337704,1.471328538
0.200638916,1164.923403,1.447607275
0.156923381,1486.787411,1.884622756
0.203317586,1838.035498,1.380097272
0.226954746,1485.233325,1.216987625
0.119104764,1179.659535,1.04933161
0.022851004,871.3928165,1.109714132
0.218316198,919.2994708,0.742413472
0.281658842,798.6472981,0.717571099
0.208072968,1663.489676,1.341871881
0.072887827,1892.099169,1.667497379
0.068880393,1480.011307,1.07873861
0.155961554,1133.488393,1.784757532
0.295743263,157.4953873,1.00394323
0.072042889,1311.472092,0.912135317
0.215061572,1569.047731,1.154659528
0.120289331,1449.421167,1.599656804
0.141482086,1845.468168,0.934131313
0.109131003,874.1828387,1.850013928
0.153707145,1366.601493,1.505736144
0.066147056,923.7784404,1.267205251
0.17424265,861.0336422,1.526525932
0.165483858,1435.796169,1.063201508
0.121839256,991.4304087,0.91355558
0.191343952,1180.967059,1.007701226
0.17344565,1088.873616,1.66850039
0.171692043,411.8526716,1.407320312
0.184391725,1617.306579,1.246083806
0.065253852,258.1101096,1.821545498
0.147995398,449.5314922,1.598118858
0.172402141,1531.64948,1.48132883
0.193489845,924.6543453,2.098159381
0.128451255,761.7102531,1.248240083
0.145683534,214.158464,1.553734664
0.032016952,807.0988394,0.917854552
0.28921157,535.0595368,1.006509659
0.20639664,1014.383584,0.824199918
0.076225456,1642.116219,1.969953469
0.197405493,1617.22854,0.85484948
0.12879119,1251.447079,1.526574313
0.151782322,1189.839049,1.846762815
0.099682112,2041.865501,1.074983617
0.20199062,1462.201662,1.915599529
0.078601617,1814.288036,1.783248428
0.158724172,1724.821634,1.759703468
0.145631713,103.7423388,1.199705545
0.134309397,1071.876718,0.836382858
0.022811887,691.4940138,0.739781132
0.13848226,2156.692669,2.032381224
0.231735808,1204.849092,1.697354018
0.119926909,751.0061812,1.889642544
0.052448811,826.1520736,1.09197862
0.051352886,1669.105652,0.914720565
0.162338276,1322.681017,0.886074356
0.072519111,772.2488915,0.795355357
0.181370384,1522.941543,1.975040844
0.229281577,1535.098435,1.792046881
0.028703684,1179.71465,1.959892307
0.172881384,1176.814437,1.263321656
0.121680477,1121.916687,1.489716753
0.159247037,1855.395554,1.589506311
0.150919311,1301.806269,1.823609148
0.167258831,1505.305327,2.071750115
0.125779501,977.5568164,1.051099975
0.29647853,1639.690219,2.033094277
0.213254405,523.4624858,1.370100692
0.100009175,725.6185272,1.368153036
0.050281342,525.4939083,0.942464705
0.038491265,982.8653043,1.610727795
0.279947301,1401.345825,0.786106188
0.161377516,1278.120232,1.443946897
0.22490466,1812.791345,1.97009843
0.156273228,1526.206061,1.373069864
0.134973315,772.7310535,1.31211868
0.120425006,1238.264728,1.806049589
0.089118979,1538.530745,1.8578806
0.275727897,718.7171997,1.984447038
0.164646479,1351.178918,1.937607535
0.284705462,1334.145932,0.746601994
0.054048439,675.7807436,1.401428038
0.198169409,1325.505445,1.38743038
0.113708587,1483.935524,1.991097864
0.105034289,1945.492732,1.550312308
0.222253972,1224.120118,1.819483134
0.113812028,1075.045743,1.832659053
0.081543589,1528.857783,1.795218625
0.233699149,1358.230645,1.659032694
0.125222196,1652.650402,0.990318332
0.176208749,1189.119779,1.605353523
0.253304058,720.2231988,1.264036224
0.119433155,1605.998763,1.213575603
0.159903032,869.3160944,2.007542222
0.18314783,869.9083605,1.690031389
0.165243396,372.7311546,1.287264837
0.283397038,482.1464405,1.760721059
0.158555903,351.2369,0.846828212
0.216587259,939.5088584,1.525034089
0.091204756,1275.637463,1.372284445
0.210210242,1275.337913,1.653595665
0.080653911,2024.316262,0.957581065
0.299071563,2131.617399,1.467892198
0.040982371,706.5554285,0.820839926
0.035086826,1722.875832,1.150742191
0.192172083,517.3118914,1.772644204
0.199428177,1766.845795,1.297870387
0.146077815,1186.622879,1.52344145
0.265392783,1421.124863,1.562477897
0.068148406,937.949889,1.279171952
0.220564094,1438.143064,1.449972878
0.125146668,1588.420176,1.652717979
0.076060758,672.9789823,0.975410818
0.020275386,1413.33755,1.707885934
0.174405816,1456.782518,2.073872857
0.237830151,1156.055013,1.22645382
0.165479064,1094.877019,1.994170677
0.272811876,788.401184,1.942117385
0.120885311,683.2995723,1.853431534
0.289272234,1178.216539,1.48445202
0.152890853,750.0949553,1.639999132
0.273071216,1380.39059,1.689030814
0.226750925,1477.381886,1.345559553
0.088149986,948.0156084,1.346506291
0.178834181,761.3137696,1.64345518
0.058459726,1705.057896,1.374576595
0.052745229,1639.863993,1.421276632
0.255114067,1375.476922,1.603955001
0.195983379,1266.91847,1.024323944
0.082285597,1535.762623,1.488254307
0.278772159,1085.617117,1.744560484
0.182716804,1099.260236,1.287233671
0.286785485,325.2284258,1.530980403
0.058035758,300.9006348,1.742846326
0.081473414,1526.363159,1.758402699
0.258174639,306.3638151,2.004831261
0.175218395,444.2914291,1.756041949
0.273599943,1100.924438,1.406484134
0.211641116,397.5319033,1.338921434
0.14613853,1328.640531,1.658018705
0.217466069,401.4312777,1.210767308
0.145198645,1417.475807,1.259416223
0.032659996,1143.640427,1.913833475
0.070025054,1724.80106,1.416929589
0.139281907,1242.269693,1.287538474
0.149830687,1086.940463,1.181973656
0.1619068,1826.473011,0.983871544
0.174315626,495.5491566,0.787878128
0.141413823,878.3503057,0.78676781
0.145639649,2046.26568,1.41812566
0.035673353,1628.580053,0.743409611
0.09325254,483.3461578,0.800032591
0.183995867,1331.462155,1.612111003
0.202841082,1672.83474,1.806612958
0.187604594,1660.549841,1.889286844
0.120584471,1672.532857,0.96792527
0.190059285,1457.762796,1.262276791
0.096117275,1265.875486,0.848853373
0.095948502,1253.609966,1.479829033
0.085728414,1917.847532,0.999708824
0.203697356,1243.002633,1.272360307
0.100414838,747.3226127,1.165729614
0.219585226,1095.758028,0.848946173
0.065137706,1298.435972,1.759722166
0.198520944,1489.272941,1.520385687
0.149702993,943.6347834,1.302355287
0.126903023,1699.600423,2.03289559
0.137232865,1711.198188,1.849920645
0.293298374,1264.874707,1.44385257
0.242434405,1716.22274,1.541210369
0.157078904,1645.935274,1.361171121
0.18025084,912.5115736,1.88203871
0.132459306,185.0970483,1.219256184
0.166859711,312.7501114,0.983127817
0.184550604,663.3652865,1.029082377
0.248891829,1292.031199,1.316013112
0.20157522,1325.129683,1.014246888
0.071807734,126.7279602,2.010996883
0.131767837,721.9694604,1.827618643
0.113567018,159.2174816,1.585893759
0.218001055,1043.842487,2.008100104
0.278961258,1154.915311,2.056667374
0.174993209,1859.904175,1.847650559
0.24054637,2112.760741,1.505514957
0.244811252,1025.917229,1.825027369
0.038081755,566.6161339,2.117688683
0.158916207,1297.234488,1.005553928
0.230102879,222.2055136,1.423190116
0.103799,585.1608299,1.02658321
0.211179759,1058.08982,1.545696603
0.166174458,2064.533161,2.053340239
0.286202255,1062.30184,2.12264636
0.194943213,568.9523327,0.814992343
0.194422812,338.1300397,0.961882787
0.210758365,1172.157245,0.802843352
0.193664861,1539.844964,1.040947674
0.096288873,1763.699728,1.094784447
0.138466902,1234.60987,2.051927251
0.273045816,532.1635953,1.881616947
0.192460662,754.7852003,1.844768225
0.193205172,1035.854698,1.835997524
0.186458981,1087.380344,0.97353781
0.065619054,671.1954851,1.351841577
0.168009849,875.5979214,1.325655712
0.263728789,1651.616368,0.79612932
0.189905857,829.9609372,0.984229592
0.160950777,1278.410683,1.140381869
0.10853594,1691.700591,0.76032456
0.164742009,220.4105723,1.824120137
0.208274882,967.7723715,1.866170148
0.043945457,771.9840382,2.038905012
0.18733997,1117.91672,2.116866229
0.203733622,1917.379743,0.795526786
0.061279194,575.9298708,0.996859254
0.194447016,293.5100176,1.350341075
0.252258397,1546.455238,1.440385008
0.128340063,770.1887502,1.191939775
0.133937441,520.4415264,1.410541942
0.159529978,1819.17147,1.903398702
0.158918675,1447.391998,1.88038048
0.126714275,1207.834495,1.221156847
0.194125746,1482.39951,2.08904225
0.051411362,1369.427112,1.207594602
0.028351919,961.3423561,1.572206403
0.148652364,2187.18331,1.968062302
0.18840809,1965.17683,1.94757438
0.067324215,805.6083993,1.122164322
0.169431218,1256.417605,0.831760968
0.227722275,1056.231919,0.963808107
0.290489176,1466.866241,1.332274425
0.136131136,1999.971952,1.793154815
0.169014088,270.8340974,1.257595172
0.280828858,1265.771599,1.899135518
0.221744052,1445.048625,1.70567366
0.287309288,1358.20528,1.439359021
0.241567503,1944.570952,1.578585766
0.16415747,1437.988211,1.812280152
0.19432166,1506.552653,1.246569409
0.14082559,1700.959386,1.730429631
0.152138206,1360.839868,1.144397603
0.25599837,1367.376972,0.911379218
0.159384979,1149.008933,0.800695855
0.149603325,1109.436182,1.344106093
0.192016393,1258.689658,1.599977738
0.142263342,825.3311167,1.644641424
0.096240858,1340.866226,1.171487428
0.276312168,1675.484248,1.713873455
0.061226278,1459.07854,1.489036001
0.201890979,317.073972,0.804960425
0.055837554,1982.414597,1.895538621
0.168873103,1403.543977,2.10401996
0.078148902,625.3685487,0.84953313
0.17215973,1226.934468,1.561080367
0.067146264,1125.75814,1.407373933
0.283080971,1348.628188,1.18685451
0.222946372,871.4448071,1.515655885
0.166479241,1476.925691,1.337774094
0.055387267,1078.145691,1.463742029
0.225013476,1168.934458,0.941636663
0.139214199,863.2619059,0.731451851
0.066386807,2038.839018,1.73666421
0.228130725,648.5748551,1.819904029
0.160365106,1014.080784,1.298670149
0.095602293,1184.206648,1.96945357
0.153612301,1494.429275,2.001562435
0.174384487,1522.740109,1.604193267
0.104441545,401.7947376,1.224165761
0.113713432,1278.285641,1.81452082
0.19144561,1269.776777,1.939809715
0.092013606,454.2859516,1.956621031
0.174943112,1325.634245,1.592551658
0.21987324,1570.190474,1.491892306
0.054388529,1326.882359,1.248888476
0.263646477,1345.394379,1.69049498
0.119309226,2109.536724,1.12039925
0.145408781,440.4207158,1.376141107
0.188194571,1321.954946,1.901335272
0.148743093,1078.38061,1.162605583
0.068307418,1832.884653,0.813290231
0.13765236,1442.120979,1.308049541
0.251335183,898.479269,1.585324735
0.105752411,705.7484408,1.866538181
0.135217632,1073.142805,0.916494344
0.113719718,1273.181123,1.501807831
0.197249006,517.3918836,1.62558246
0.103563465,344.6350495,1.455936977
0.047452527,854.2484732,2.144539245
0.122144533,1338.362089,1.188572877
0.272914386,231.8001582,1.03466256
0.222560563,290.3479899,1.374744777
0.231835047,1037.148465,0.986862061
0.157555247,1633.021992,1.798749165
0.145207791,1347.94253,1.06787264
0.155204923,1258.310599,1.142090069
0.249533902,1242.690555,1.289675125
0.104492689,2083.760578,1.308459833
0.157429012,1616.032697,1.750906997
0.21854265,1514.87707,2.055549171
0.168955745,1112.304722,1.142173885
0.044939982,874.1319487,1.149390705
0.20466539,1785.080089,1.726691005
0.133197786,1158.753221,1.977273942
0.149560999,654.5975623,1.789099088
0.120114105,1261.622165,1.137964
0.163729054,2091.790013,1.462123851
0.199286016,1864.859208,0.989280329
0.217709142,1042.845843,1.236145309
0.141583332,1455.316701,1.942230699
0.056878987,1889.450624,1.637817577
0.142042662,605.0316794,0.883947994
0.16164062,1789.93403,1.650381943
0.105182536,1414.965576,1.131147821
0.136382104,1296.439305,1.276207222
0.197466453,699.6863148,1.670067208
0.196750294,1842.495971,2.093769136
0.144728427,511.9165205,1.513770167
0.253642748,1075.235063,1.908899649
0.181931096,615.5147686,1.530402353
0.269311061,1333.509203,0.877226118
0.119418599,761.8843106,0.880722162
0.086747858,889.9838461,1.341871065
0.12940217,949.8080491,2.065566345
0.291553563,771.7820419,1.050502599
0.237275116,274.4183605,1.719267725
0.140625877,787.0306019,0.938146909
0.061073698,1590.91541,1.285450388
0.287259231,702.6540486,0.991284672
0.168869635,545.8070967,1.629217706
0.211169012,741.3952507,1.63379571
0.027672988,1069.965655,1.401558181
0.279612121,1493.712636,2.036548693
0.155572198,2115.688877,1.271423602
0.114071112,141.9693445,0.884283213
0.134215427,1318.85677,0.858232939
0.168333802,307.2048564,2.11195747
0.256522328,587.875099,1.455422494
0.128809443,1037.336277,1.078198029
0.199029474,1489.136575,1.714029824
0.029230956,681.8186584,1.332734219
0.240705512,1474.94171,1.581625985
0.092766827,587.0395153,1.478822638
0.260351405,1826.5354,1.367255142
0.076075844,1331.853641,1.583892524
0.177530554,1998.094704,1.33747011
0.195612326,1512.490236,1.944226291
0.126222488,1102.293019,1.69744265
0.181409629,1668.893363,1.553679586
0.163812563,1830.980469,1.948638663
0.198258687,1028.996737,1.47082857
0.163976588,180.3092731,1.886934521
0.137238814,639.3178254,0.933413018
0.180929748,1250.69838,1.458577752
0.219311539,1270.975288,1.15534544
0.113420411,261.9254669,1.569291831
0.107408962,1644.364905,0.876424117
0.095351412,2095.933133,1.053623
0.171766512,360.1294076,1.046157854
0.18272345,1459.094649,1.594661799
0.29143395,1422.916733,2.096549294
0.109969304,1182.821835,1.277248493
0.152462736,262.6099829,1.61527926
0.168932238,1046.339587,1.622350599
0.213848372,1408.840055,1.871568463
0.190636973,1988.140897,1.037244886
0.164405488,2033.568226,1.037925899
0.155097032,945.077225,1.713562921
0.258658903,1215.778745,1.833179205
0.25026655,779.6662398,1.085879672
0.209118908,1869.992176,0.820577436
0.089076107,951.4485323,1.839783273
0.125088958,681.382539,1.454456673
0.225276128,2135.210094,1.868962896
0.205464555,1743.133046,1.36520173
0.128841183,1664.897754,1.524039832
0.10518389,573.7204466,1.957306352
0.120551778,1568.847217,1.508818084
0.117303098,1993.302788,0.793487827
0.189169634,536.4486141,1.021598035
0.148997231,712.8149005,2.076792498
0.130606919,2011.147452,1.531019062
0.260075747,729.577934,1.266075069
0.155787408,1436.380789,0.987922006
0.201599375,879.3797276,1.926524204
0.181451797,1233.719665,1.153742174
0.297481624,999.9344343,1.320971091
0.119901042,1309.421401,1.19621571
0.228720315,1216.316109,1.580996544
0.138266333,1605.879035,1.954389517
0.175982957,1592.5063,1.612495406
0.17388895,1523.369479,1.017843718
0.081745543,1615.300616,1.535861928
0.112746646,764.0110258,1.694262891
0.149751751,217.7243963,1.789137336
0.103029967,980.4518428,1.820241649
0.189003496,1206.506151,0.893051828
0.028607801,1667.076211,2.030004521
0.143633555,914.4513729,0.792443577
0.260467154,1793.131461,1.233714686
0.198328262,587.8085029,1.253460095
0.190847747,2009.845944,1.361385995
0.122784563,1863.58186,1.857246361
0.154557539,1169.973741,1.634191302
0.257965007,1404.394498,1.714689738
0.245056112,969.6633814,0.905585395
0.150468745,909.4696035,2.099362573
0.117599231,1066.494317,1.3741161
0.135206563,1717.340782,1.34975914
0.077579694,1125.803024,1.590751566
0.184287364,493.3414538,1.743136407
0.069490664,1952.157692,1.484899494
0.066993085,1471.959313,1.957198591
0.103706466,1125.543414,2.125586203
0.256502053,1793.530097,1.885794183
0.198948786,903.7723561,1.077540588
0.11874006,969.3620099,1.847638136
0.231710133,981.7497725,1.101689461
0.187770601,1290.914842,1.589745435
0.18943481,1085.806805,1.60437876
0.236673078,2172.718498,2.012192686
0.167919419,833.5246207,1.543068627
0.151275421,1189.300434,1.386907915
0.280675834,1832.762721,2.008297266
0.109390715,1550.487713,1.839461761
0.089926331,1063.365596,0.755049099
0.23744906,1371.772431,2.055140599
0.245866062,856.9264661,1.467669236
0.062138205,1797.747377,1.216544215
0.223863609,1112.6207,1.845559697
0.109190184,447.1284469,2.142925296
0.065491369,1350.482675,1.457914222
0.248716241,1770.641419,1.266513679
0.181743914,1687.85083,1.604890865
0.234712711,1578.295489,1.727990493
0.100005258,931.2051876,0.915113394
0.125554016,1179.906475,1.50362821
0.188379948,1796.352973,1.97910212
0.060451434,1109.527696,1.456515524
0.144526465,507.3598456,1.588199008
0.15437585,1324.627882,0.929318648
0.186243413,2061.649066,1.95092605
0.123096184,1065.262593,0.847982957
0.263189065,292.6641504,1.592742633
0.149674228,646.7427871,1.240469446
0.174250717,1693.270715,1.143447175
0.140352771,1124.173408,1.685659455
0.103755357,1408.850056,0.880572913
0.208107616,1087.940724,2.068707143
0.066729948,845.4848862,2.140484566
0.146012644,1546.460529,2.049860131
0.148488557,1798.930293,1.068583202
0.153395294,1004.901171,0.859318226
0.062375626,452.6144841,1.199390213
0.186264875,764.0639973,2.032045008
0.296455032,1445.394885,1.990383115
0.107760854,756.1205787,1.201683617
0.138073753,1958.583607,1.102386592
0.107818909,1619.267008,1.41494238
0.072759181,883.7888656,1.394038904
0.072445062,1168.845771,1.994468533
0.194477576,2098.865213,1.235798322
0.277675075,1430.413517,1.89898482
0.126843721,2132.000713,1.382523825
0.147150696,640.3555779,1.852616325
0.181807964,1208.960524,1.936218328
0.150937316,1329.559546,0.72619012
0.099982086,1371.354549,1.030995349
0.053084005,1148.632429,1.986133456
0.159133662,1078.102825,2.065080549
0.02440266,1247.819745,1.519414932
0.075470887,1912.870042,1.475790708
0.222172786,1408.273436,0.806375448
0.269607089,885.5125214,1.126984016
0.270040275,1329.800678,2.075230378
0.097254191,1502.9556,1.107087286
0.097168964,1135.475691,1.950360309
0.210869697,1060.399419,2.016667874
0.085933207,990.5856734,1.655924009
0.124131781,1202.573641,1.673082938
0.192402478,1245.074271,1.711516736
0.182290189,1799.826129,0.935025665
0.109160681,772.5456045,1.33660154
0.074308514,1156.118964,0.915235297
0.202067369,1928.098378,2.146363241
0.160322415,1133.341808,2.093595874
0.057740778,1157.821102,0.805334189
0.281325256,1629.946682,1.028106388
0.233862125,919.9140307,1.853873381
0.089575271,1289.795059,1.786836725
0.210523398,1535.805241,1.35252414
0.194751337,280.6838628,0.877509955
0.074796574,779.2227985,0.717532226
0.185393001,276.9254178,0.997748769
0.286429188,1671.235412,1.309122271
0.242981014,2127.81524,1.093698404
0.246980623,1763.859983,1.084177004
0.251640969,1883.066633,0.837121719
0.269192964,1932.025606,2.112731095
0.176386655,354.1374072,1.352746593
0.145192364,1189.588259,1.161876103
0.202900776,1768.666789,0.95579474
0.07762181,765.1043031,1.857186635
0.228902365,685.3017383,1.4520392
0.211998749,1612.754106,1.500508678
0.225866206,1460.781177,1.914087885
0.084464594,1329.249383,1.22106241
0.080075164,402.0885689,1.705702432
0.277505061,776.702265,0.9841766
0.142670273,132.2392472,0.975251575
0.115024656,1849.120952,1.331318059
0.226227624,1342.520663,1.628090107
0.14344701,293.8948523,1.30339566
0.149952813,768.6697555,1.100663785
0.172123596,1108.732795,1.532906605
0.230995642,1145.054693,2.053899811
0.192811453,1387.030209,0.87913581
0.24079961,1433.679602,1.311573309
0.154727889,1396.99191,0.932821441
0.111090151,745.3676776,1.499108015
0.288580129,1140.668375,1.849521455
0.240151975,1554.858367,1.436777468
0.291057712,658.1109363,1.274111579
0.2293692,1366.458633,1.746570114
0.160390971,420.8693839,1.731754241
0.164143313,981.869461,1.780598187
0.192988861,1664.936797,1.205971426
0.206266251,991.942553,0.904778396
0.278680629,1860.9304,1.398676498
0.13418092,1836.879324,1.97084908
0.08237099,617.2876946,0.990425121
0.152474983,1378.715493,1.321601582
0.1531533,1195.833017,1.45193507
0.061903768,2063.385569,1.680390482
0.228688613,1631.420124,0.942399688
0.16085714,1972.287184,1.076623297
0.170370447,1761.644788,1.109779322
0.094309244,1493.187284,1.987885791
0.061704082,540.4229566,1.585933521
0.164655633,392.8211326,1.023085586
0.299810596,1207.866267,2.022535754
0.154146954,1833.454656,1.319899066
0.138482918,740.0182625,1.432786175
0.28042875,1503.28944,1.229720439
0.137292095,1364.785133,1.145020012
0.207699568,812.6301168,1.99759676
0.173812873,2159.223031,1.335401846
0.191243771,925.6138896,0.963372587
0.195291882,495.6119015,1.401236414
0.219246774,2039.963336,1.996291407
0.186104452,1645.711592,1.786726535
0.137267591,1029.680919,1.651223659
0.1305997,975.0616263,0.873318643
0.049251568,936.6623283,1.611825363
0.175331083,211.1298567,1.218387556
0.081452222,231.430823,1.003432003
0.235357749,2087.041796,1.773104873
0.132898498,661.4183879,1.44770532
0.221604134,1459.601268,1.603119789
0.030356955,1848.266366,0.798123644
0.050208115,628.127129,1.870289454
0.194865095,1810.889889,0.784216566
0.197610051,1082.381939,1.76117901
0.234605116,1284.825768,1.73065204
0.247707097,993.7391943,1.557184723
0.100752984,1328.749205,1.197779734
0.147742878,1085.557489,1.766490569
0.152288773,1567.646035,1.348388046
0.033274405,696.2727941,0.906766107
0.091284398,2032.198043,1.344475272
0.145825021,836.5058818,1.932598524
0.122045274,862.5112226,1.353647665
0.175665769,1047.801963,1.83038922
0.120528206,556.3120521,1.916199809
0.155352802,1248.93084,1.359868114
0.116071913,1344.86342,1.439392529
0.186415966,1027.549983,1.312300448
0.071016527,1125.12587,1.11835354
0.14248032,543.4927701,1.289441952
0.062144635,802.5329088,1.177803401
0.184148254,1495.084586,1.203077274
0.122157178,1753.434401,1.818993757
0.221830478,1734.028007,2.060234284
0.107267481,1277.443708,0.875608542
0.248782977,1031.615095,1.667960336
0.02366301,386.1163592,1.535874221
0.236582812,1800.362746,0.953604253
0.199000692,530.6088526,1.22859076
0.094404011,1464.195857,1.944016213
0.136742493,2053.467819,1.536387944
0.116698251,1479.181738,1.23438529
0.077116773,392.5136613,0.920905804
0.059059973,1156.684244,1.198612724
0.103794908,1166.174406,1.560959931
0.091383864,754.4907509,0.746538464
0.190629633,1448.379552,2.065408457
0.223407435,1012.854028,1.800732466
0.238192295,902.4174707,1.947320668
0.183281044,1776.758772,0.995259114
0.181865491,144.9449089,1.83747425
0.128017202,632.7872135,0.777258539
0.218256807,1409.964423,0.901112247
0.158444638,1263.249194,0.793265907
0.116931202,1524.498633,1.273399774
0.108326794,749.6841462,0.973290278
0.161605556,1372.688714,1.384463525
0.222417985,426.0688035,1.532247272
0.237976961,1454.281569,1.823021313
0.27884703,844.6058801,0.772060006
0.223897174,1559.874576,1.010300909
0.192944184,919.0990034,1.321223389
0.100909484,1002.02315,0.943535848
0.064278272,1378.17467,1.315692522
0.202226195,1238.322939,1.144288448
0.108134646,246.2378164,2.114165462
0.238539749,842.6702943,1.841853588
0.060829164,1835.186384,1.384034257
0.213062543,816.988206,1.69233999
0.173473462,1471.616789,0.85556246
0.214522766,911.1482949,0.78248596
0.048252615,1368.071106,1.248398882
0.07040478,329.8391753,1.487301128
0.189510679,802.8339611,1.051399914
0.277791444,701.2808631,1.30183015
0.032459614,862.7178227,1.691493019
0.261997932,534.6039478,1.914449033
0.121816213,535.4454003,1.621211917
0.214695181,509.3494602,1.18712527
0.152676265,1698.1837,0.793768191
0.053132722,401.4136407,0.921854093
0.183871149,1222.245334,1.107286828
0.260215816,1218.257587,1.454962518
0.262652755,1658.105718,1.220685111
0.043028304,1575.042227,1.017762481
0.280519523,1430.517162,1.460431484
0.18599146,844.9594513,0.778896284
0.185640162,1523.864679,0.8640149
0.121261499,1202.051083,0.845474523
0.173781172,1441.464429,1.268705325
0.272210969,643.4935693,0.803385999
0.259138988,656.6644639,1.48485232
0.240210901,1293.797399,1.307934875
0.088903438,1430.952783,1.896851057
0.074984984,1127.430688,1.469970162
0.229444747,1338.31974,1.43143685
0.133917739,1382.585237,1.177703643
0.171991956,1701.421543,0.993363677
0.272875649,1357.770226,1.491782435
0.06148345,819.09776,0.960814061
0.297167224,1442.857779,0.805653209
0.121769863,2178.862123,1.291432553
0.022984495,679.6088869,0.853892294
0.100702437,1521.074634,1.585609293
0.153407623,1983.059719,2.04320761
0.101103887,181.6569533,1.390652724
0.057475284,1035.313382,2.034977369
0.191193049,1895.007135,1.226675023
0.10954311,807.0732701,1.249856892
0.043695236,624.8761687,1.658731503
0.146279793,822.731453,1.77942724
0.166299706,945.4547067,1.544334153
0.056649367,1797.6383,2.092596564
0.133187443,585.2018358,1.96923093
0.297765059,953.1422317,1.387159539
0.103075934,1356.161867,1.851087002
0.170571909,1805.72949,1.741493806
0.127818998,1585.030368,0.995617009
0.084537409,1039.37572,1.227995312
0.14211654,1048.816647,1.781845023
0.255464962,848.8931704,2.117733134
0.117793744,676.8046677,1.062661436
0.139317385,669.2802229,1.056436598
0.154326495,668.4533493,0.819733334
0.202507631,556.1454449,1.390310703
0.203821334,1090.067699,1.816273132
0.078245948,1456.016145,1.757846477
0.052123354,440.4242604,1.916992614
0.185267052,889.4371184,2.109082684
0.177126164,1701.656524,1.736107286
0.081617465,1211.26346,1.735523455
0.205058266,1701.120037,1.382674118
0.141795184,1753.216591,1.947825907
0.095291635,762.0519149,1.386639507
0.137259772,947.6063951,1.906983893
0.289172311,725.34439,1.017846328
0.097254875,924.7141934,1.057087085
0.184797881,1964.458416,1.520868068
0.143578433,2031.332741,1.303362539
0.142829359,868.1987463,0.978725708
0.081106435,1832.726388,1.754793856
0.086241154,879.5743376,0.994831154
0.212762641,1023.289842,0.921075565
0.186422918,1260.432348,1.538186473
0.174368685,418.8740601,1.840143656
0.153383621,1537.41454,1.989161405
0.147048964,255.6745266,1.643570994
0.236683043,1132.806644,0.73344826
0.070133417,1421.735117,1.665182711
0.214783259,1779.789624,1.528602556
0.100659489,1540.999341,2.042906174
0.179886393,1656.13293,0.900975841
0.223159305,1968.755133,1.783528055
0.197952408,1302.481697,0.831438001
0.139560138,1708.491101,1.530177843
0.057107798,1011.13592,0.928587738
0.233850249,636.3406787,1.907716048
0.188127153,475.7395531,1.607458658
0.174258648,1778.671926,0.864016267
0.246586123,1155.38649,1.538205301
0.205094575,683.1189515,1.374542747
0.191728046,359.661851,1.194784837
0.025440655,1619.496497,1.250775306
0.109600532,854.3681754,0.881504357
0.199865746,868.6396739,1.762500657
0.081602231,503.2459674,0.776534822
0.075639501,941.328187,2.019798248
0.206646064,1581.771445,1.482974734
0.037164062,689.8657276,1.509986357
0.185242093,1489.343095,1.132805864
0.208854209,1576.981872,2.051173824
0.119423002,527.3465,1.424608573
0.064916946,1955.270385,1.692494359
0.142235446,1822.28341,0.75736917
0.229567685,1460.633997,0.892165421
0.175962498,1657.019379,0.910080192
0.134284357,1424.566415,1.047984754
0.234678845,574.2328222,0.951750906
0.129263124,978.1946667,1.768803462
0.168319824,901.6984649,0.894723597
0.217425217,453.4751107,1.594047841
0.097216541,1122.777445,1.70700421
0.074935561,1294.173859,1.490135642
0.163500007,579.1345511,1.426926241
0.065921831,1626.919307,2.131197743
0.298166452,1701.784776,1.725920061
0.229907658,1000.819575,1.710539771
0.114428748,1495.65425,1.775010808
0.094623269,1708.984206,1.989693124
0.054680222,667.7008989,1.053653549
0.100352802,543.5053083,1.101913362
0.177033072,1001.207662,0.822799553
0.039535824,1589.813926,1.037838578
0.204380551,1873.742318,1.005284357
0.250994282,1665.427543,1.568545324
0.046293938,131.7447833,0.73451485
0.183666944,1252.803505,1.380888981
0.248720571,2073.892494,0.864517846
0.184273737,778.5164131,1.791199982
0.167702102,818.855076,1.979935327
0.280724984,1299.130017,1.152857445
0.133924847,673.5074422,0.774109968
0.10727855,894.6771547,0.862755012
0.214436752,1015.787775,1.471351798
0.079013821,1282.231143,1.311188842
0.155375044,1884.957825,1.541602241
0.254799811,1402.351285,1.169634945
0.20996955,1276.474191,0.737790544
0.098782703,1419.239483,1.217815361
0.068999603,798.7025616,1.720358197
0.144681188,541.7482087,1.437785254
0.21480336,1869.7443,1.971990178
0.130184187,854.1419701,1.877446936
0.190517557,785.9383461,1.637941515
0.120024284,1003.020708,0.86672103
0.157515224,1058.807561,1.992535819
0.186042872,1914.044243,1.370841573
0.137502778,1827.801869,1.565504242
0.133932667,1896.57101,1.912498271
0.12987502,1505.166142,2.104541717
0.029695923,1454.89411,1.38215108
0.148898345,454.8204191,0.857454663
0.173176541,1074.016584,1.506259097
0.155834891,1129.23344,1.228289746
0.2879572,1900.395577,1.867863666
0.23893274,1412.861389,1.989327087
0.234029469,1507.176334,1.992056721
0.239182322,1271.136687,0.856953647
0.201468398,973.9032303,1.138705808
0.202708926,1450.45091,1.242686184
0.040822477,723.9963442,2.089984129
0.295962633,604.107195,0.927112723
0.096007558,481.3969213,1.775964839
0.203386241,1604.524481,1.354109464
0.284117197,824.2863275,1.01879886
0.03979384,748.2738615,0.923899495
0.158960916,1558.07859,1.43689014
0.168084948,1505.272443,0.868561842
0.247165982,837.4827314,2.076985027
0.040724016,1528.603738,1.724818076
0.107762506,676.0789873,1.753171818
0.239380532,106.648888,1.102474614
0.220088021,264.7562525,1.003256047
0.18957858,916.077042,1.502504802
0.207504821,665.5440697,2.131503878
0.06651412,1013.957629,1.576872897
0.164101898,1408.585885,1.466168304
0.067483403,1494.009554,1.791633205
0.160355803,1044.578298,1.377102012
0.100502106,410.3065087,0.832216972
0.227225028,2145.526957,1.743547146
0.265867483,794.0096823,1.807248583
0.048847124,706.884718,1.4960305
0.123321828,1839.092819,1.030825706
0.090785608,1135.422089,1.301318548
0.149492387,1011.542536,1.655561987
0.0723319,1075.911645,1.477393826
0.058120483,728.0634533,1.309924517
0.218239034,1797.504454,1.267561732
0.036123039,2021.407958,1.35013368
0.262667789,456.5620019,1.171078664
0.145688772,1561.833723,0.768598589
0.149623999,555.64168,1.98367939
0.108009022,945.0094042,0.922806214
0.046143825,407.9014845,0.866427533
0.043896293,983.4870033,0.956332321
0.176988245,1565.832119,2.036416259
0.158334938,1595.586292,1.554580782
0.193816032,462.4372923,1.645232775
0.148739662,355.2314803,1.347042245
0.076409824,1693.882062,1.404813641
0.125120442,1854.004475,1.154391959
0.262227383,1825.345067,1.074761257
0.241435711,1698.286194,0.920324713
0.154872753,2076.04431,1.125477533
0.16505202,812.1137486,1.620181657
0.215818847,1755.465191,1.47155914
0.176136616,1366.236712,1.96154818
0.205529075,196.7044664,1.341163487
0.134504348,536.7119326,1.531141554
0.116723232,1645.439566,1.728349634
0.258462356,1024.818965,1.101617311
0.18777511,630.7067568,1.044439156
0.061033504,1288.642528,1.434711629
0.100778391,2071.227853,1.449552993
0.19859919,685.6599782,1.196418368
0.260090157,740.856124,1.256798305
0.123893694,2175.649562,1.317304679
0.229620581,1119.832241,1.667819378
0.115053442,1200.322169,1.513489867
0.182647403,1251.051409,1.864835087
0.188637089,782.2512118,1.576602829
0.135937042,1361.561776,2.107138598
0.120871803,1503.569816,1.204368333
0.033482897,1111.346786,1.553614188
0.182766652,943.6563249,0.90573001
0.295877416,1362.42475,1.104638819
0.186644262,677.3744465,1.411251542
0.16268907,774.1515675,1.633780835
0.21140346,1570.07671,2.083637108
0.228616028,1208.670773,1.440924247
0.177704882,1876.307939,1.6649211
0.229028971,1882.005679,0.84181418
0.180615809,975.0217361,1.045389763
0.08426006,1398.76076,1.908285162
0.19369106,610.9997005,1.769698488
0.173994933,1364.709282,1.307750493
0.077466888,779.5499128,1.095710932
0.072598949,245.1663325,1.79931415
0.239779099,909.945717,1.717200644
0.213910178,198.6527544,0.939454719
0.048740596,415.1009086,1.865776592
0.154188309,1198.742423,1.891870409
0.122877134,657.8449521,2.064212391
0.139267238,1152.30014,1.420791713
0.239966864,1102.391419,0.964716183
0.211921782,803.5224014,1.200873519
0.110348829,2110.754366,1.341512427
0.190440123,520.6799126,1.73317854
0.216332686,1389.580662,1.508030496
0.066605571,1461.583701,1.085078613
0.121756611,1712.646109,0.86463623
0.096467026,1525.014795,1.867938229
0.143078142,1018.291263,1.69043157
0.15661913,644.266067,1.245205809
0.14309698,1794.749099,1.626749841
0.141741706,1370.056474,2.064753261
0.177547502,212.5631228,0.83377722
0.153707358,1637.844182,1.639548992
0.103979373,1634.742889,1.361975165
0.180855367,1156.630748,1.948889335
0.054520004,769.3800935,1.476167337
0.162391643,703.5324346,1.657168395
0.1281886,586.68646,0.717951853
0.225663664,1605.585577,1.547560866
0.246810592,333.6113973,1.668496056
0.206951567,383.5394579,1.671318904
0.209854413,1315.95709,1.114280331
0.129609819,1035.595012,1.273443117
0.055872016,1915.903283,1.346608754
0.269178582,995.7107884,0.795220079
0.222478714,695.7890026,1.255515421
0.11790115,1187.570418,1.282040746
0.275336304,1228.698504,1.727525877
0.227921172,460.2800973,1.007713988
0.183347225,1220.938606,1.2992245
0.223439046,188.0244045,1.248542984
0.030231279,1600.420239,0.866336618
0.187139762,859.197472,0.826288668
0.161604901,2022.438336,1.919452657
0.069696885,455.2224141,2.01748197
0.190472208,1909.476718,1.272870153
0.164736452,1292.104149,2.092784057
0.230477607,1576.456308,1.348687805
0.298275455,1564.079906,1.76710799
0.146468713,970.1067752,1.445850567
0.162251,1458.782063,1.555671975
0.233996323,1475.52156,2.125539476
0.147087368,268.4182637,1.525980367
0.122142093,125.1949958,1.191683143
0.128559343,1401.023181,1.214619721
0.187743764,1001.871944,1.295072694
0.057936543,1541.491434,0.810066986
0.281419665,993.5759804,1.540768117
0.177944874,1427.170291,1.837994094
0.291368732,1186.091528,1.003384336
0.065269692,1348.936998,0.853390216
0.093698849,812.8585249,0.9727484
0.224759,644.7075348,1.31392003
0.023069022,1060.51349,1.596631154
0.183113069,1780.729966,2.117477695
0.13843193,500.4265394,0.788283892
0.155402405,981.6537267,1.562193153
0.147055534,1325.025627,1.585825056
0.198595331,1151.944707,1.45481254
0.171279312,1710.867453,0.725020518
0.115715459,950.6367774,1.920953232
0.207474847,1899.804772,1.347186367
0.221534294,1807.021712,1.71271849
0.256761872,1573.875828,1.412491432
0.173015855,911.6418092,2.092317291
0.202635767,636.4751669,1.706177209
0.08325854,491.7072691,0.76067713
0.107336531,1498.48461,0.829398722
0.234574631,1383.534508,1.737901461
0.227905354,1617.468209,1.524294092
0.1535251,887.2040367,1.151937708
0.103036135,955.374,0.851098462
0.187477412,497.0682606,1.489028665
0.13462998,1120.448271,1.156285753
0.207192466,1067.812585,1.835447408
0.168010754,926.3154246,1.243093932
0.131137239,1184.835454,1.455848226
0.205004872,598.8085177,0.754739241
0.161331046,1545.472924,0.768552263
0.061629421,1891.012659,1.903126022
0.16944808,497.7685446,1.07925385
0.143780804,1805.583791,0.922163559
0.090415395,1578.829177,1.457153182
0.150912301,1223.578331,0.899896679
0.085965694,838.3026607,1.151787078
0.180469621,999.0925192,1.436318922
0.033943296,1411.988603,1.300469869
0.237443997,653.9125583,1.842762395
0.124063044,1954.96008,1.257884038
0.147635733,1753.193639,1.877879734
0.084919442,993.6310119,1.538075753
0.037144595,2102.691824,2.141746466
0.099740529,1167.451276,0.968948815
0.128086952,1410.408351,1.409636318
0.188195075,1620.922339,0.890577806
0.298792698,1648.532897,0.719613952
0.100796244,621.8096315,0.863562322
0.056697369,573.1641037,1.323975772
0.116739503,1210.826277,1.3054093
0.052108617,1403.282777,2.011235715
0.132024989,1138.924654,1.555423408
0.128361659,796.9042189,1.36627602
0.163017663,1138.403407,1.540821012
0.254392264,1318.78433,1.100871718
0.284124877,236.4266732,1.062771232
0.133159555,527.4881583,1.052583562
0.242676756,910.7898082,0.919565856
0.204089191,1311.141675,0.92872882
0.213207038,2093.117041,1.413445569
0.046581987,409.5794474,1.564299204
0.121804456,1174.952068,1.320474382
0.086361544,1495.006728,1.398855065
0.033453598,797.1519577,2.048342588
0.114247546,552.5117151,1.218634173
0.23406039,591.9322072,1.391835812
0.285864633,820.0753346,1.051324973
0.03370609,1194.459737,1.17748374
0.12256373,533.4501908,1.707424485
0.273898866,1459.702208,1.555918966
0.072508243,698.6116028,0.970744637
0.128922176,412.198413,1.279303234
0.18358851,1251.938814,0.969341365
0.128944401,670.93667,2.021706195
0.171032324,998.0996768,2.116931401
0.250253231,1968.028638,2.094041868
0.155829113,1058.861832,1.890076828
0.129263799,1115.134133,1.447347901
0.244740716,809.5273639,1.710138696
0.258650902,760.9729815,1.66249845
0.12865415,1135.169438,0.890354659
0.212401999,833.3144503,1.130294144
0.182076533,333.7610969,0.947755331
0.112523878,444.8035675,1.179674625
0.166021948,911.1718545,1.114489872
0.162701405,2088.712171,0.951036419
0.181751428,1180.224439,1.015175888
0.094288284,1431.476881,1.396552497
0.195178586,2169.72156,1.038166417
0.111202568,720.3874692,1.363758196
0.279884818,2089.36719,0.882493108
0.096393306,1680.197884,0.890885403
0.217901322,1277.377096,1.82072519
0.229287928,1178.35605,1.601950137
0.02416639,1177.597744,1.553167888
0.115238106,1068.579501,1.471904332
0.189953956,935.802623,1.369311109
0.091679886,1565.391648,1.192897793
0.148097513,1210.304762,1.326050617
0.125711231,608.7746652,1.757799526
0.145595364,975.5539704,1.615390011
0.22421226,842.1741886,1.294924738
0.290554125,498.8875382,1.145529014
0.143179693,1716.33559,1.523904199
0.12610317,408.8589379,1.489289834
0.10481302,1332.073366,1.046133311
0.266625578,204.4940002,1.671582879
0.193668146,1141.818257,0.760655025
0.170091031,1851.332141,1.054432979
0.116369763,887.6564849,1.480290118
0.166895222,2198.356137,1.859363697
0.20561587,1069.690662,1.555106097
0.241789896,1337.370504,1.136941707
0.131427858,1984.258315,0.795930616
0.223151999,1066.665991,1.958748888
0.192058999,1979.110648,1.179391427
0.240240808,680.6855268,1.687596435
0.281377592,1150.9034,1.363364256
0.096252604,957.8517574,1.689024793
0.170126817,1396.456096,0.977459695
0.137313366,1863.348323,1.053957703
0.118100823,911.4446292,0.769876174
0.083401848,1907.146804,1.323229435
0.143117809,2135.233563,1.774289109
0.092915991,1440.765929,1.090821918
0.119997181,1819.658381,1.237462517
0.216348693,667.7075168,0.766674753
0.069705597,1107.817014,0.890644572
0.215890468,480.0841199,1.554686945
0.099027013,737.6921403,0.756043382
0.228526191,257.4744669,1.001959038
0.108322768,194.4422907,1.4276573
0.141011969,1234.890427,1.956827214
0.19658373,714.0301548,1.972782109
0.092727764,1490.661834,0.899719794
0.235131741,1420.482555,1.190817908
0.141380874,1703.589652,2.057119811
0.154410509,1939.001973,1.624991002
0.052892602,846.6299449,1.980804746
0.17613075,457.1180115,1.190452473
0.235015189,316.8517356,1.162859901
0.216996373,466.1155165,1.958127272
0.196351078,884.9656202,0.860857186
0.269626522,764.5933202,1.658601317
0.136300602,801.3400711,0.882597917
0.207039856,691.3245453,1.667188788
0.09996806,689.1227174,2.035924229
0.062763658,494.5387953,1.397653554
0.042626607,1425.595091,0.914901119
0.104656608,670.5760234,1.51148782
0.09289777,675.9421926,0.784114148
0.086037104,1333.102334,0.992450819
0.196963514,539.4644493,2.123649101
0.176920579,2012.600934,1.705107985
0.220242573,804.1666941,0.891919371
0.03173045,1844.03967,0.899392471
0.176591612,1654.34737,1.657856002
0.18852873,1667.130685,0.853429536
0.170752696,1430.745444,1.363339952
0.113562537,1174.693529,1.878102149
0.190897991,698.4377537,1.442915527
0.115106296,1283.352855,1.113274801
0.255405101,922.7537777,1.819001001
0.187543268,879.5749192,2.141542858
0.128810473,1247.367175,1.364999915
0.172707502,1364.126289,0.77369971
0.21928003,1653.74715,1.555920434
0.116039928,1580.095765,1.381884764
0.073116759,1271.655983,1.495580667
0.205511714,1075.969454,1.490398224
0.175779464,1536.718279,1.082184943
0.188149777,270.721339,1.971277997
0.21175062,1978.962607,1.684393206
0.064290351,658.8457061,2.046202057
0.026466132,530.6729013,0.989814037
0.115526077,222.7451078,1.334495578
0.151026628,1139.969248,1.641130352
0.128503494,580.1654266,1.342227142
0.146019844,1267.376994,0.87234503
0.089936242,1757.90729,1.513932668
0.074702803,426.9556745,1.530491158
0.27976619,1342.205415,1.420894732
0.130024234,1182.730907,1.906373754
0.118405037,665.8520249,2.049836657
0.196076587,1031.125445,1.771616936
0.10784974,1491.78888,2.047120761
0.062441648,1442.340156,1.037229328
0.124931889,1441.185897,1.78179099
0.116250474,1105.944743,1.612454494
0.257587402,1003.369824,1.175681567
0.153863994,957.6362969,1.678697923
0.10035344,1657.457155,1.194246608
0.064257278,1675.963379,1.882444294
0.077500485,883.885958,2.056940272
0.044002876,2040.772328,0.891188652
0.139628839,1502.006853,1.710463424
0.234657073,1511.434462,1.461409865
0.127968978,1627.1367,1.175357402
0.121587886,1561.348287,1.013953579
0.121935908,1401.21299,0.838905409
0.188640294,1039.380721,1.329699172
0.079604865,1828.188164,1.156797049
0.131084759,1249.350445,1.667167
0.216753358,1003.385887,1.484168134
0.06412079,1808.063126,1.52625454
0.172605669,1938.270421,1.668910086
0.168492369,549.3743492,2.116591167
0.152514836,1867.901038,1.739837757
0.056338468,639.7291458,1.011950845
0.21862257,944.6637659,1.248562996
0.166118839,663.4197757,2.032160024
0.176724039,1215.593111,0.821010459
0.15715348,666.9972217,0.768640707
0.16414923,816.1173053,1.103021517
0.096666743,1803.660658,1.940380722
0.249920722,1629.590375,1.427659388
0.118793605,1553.45685,1.23603606
0.077074944,718.1740869,1.649469634
0.17942974,1360.187792,2.016626467
0.144335172,1785.898384,1.009280936
0.186814931,820.2669901,1.202355918
0.105024676,1801.605808,1.664545985
0.246992195,1799.380087,1.17666385
0.061578032,1133.736518,1.330919125
0.223659561,1703.211173,0.888559785
0.146048088,1200.689096,1.422263843
0.105534084,1287.677163,1.047153541
0.145159001,1281.687864,1.333250838
0.154906022,1668.737193,0.721638356
0.142415899,789.179096,2.010823874
0.287093897,1413.927964,1.817762648
0.088634096,1116.619374,1.714966
0.202667725,2082.538197,1.886587864
0.042123974,1341.074885,1.317979144
0.088193314,331.9262144,1.860155044
0.150576057,763.6630874,1.851238277
0.101937189,630.0168613,1.041977073
0.246486855,1873.769686,1.141385244
0.220720693,2184.036863,1.827902305
0.290031135,905.9917754,1.659169429
0.256227878,1313.16949,0.836339407
0.242199782,1454.992116,0.916266042
0.147962569,773.4992796,1.128942293
0.144960235,1298.44817,1.008991561
0.182557046,669.6967779,1.186983803
0.154336204,1092.364638,1.889960805
0.232620083,1382.290788,1.522396568
0.153114076,551.6240464,1.141322104
0.161409032,571.3640307,0.737086349
0.26893605,1293.751528,0.880525463
0.200834246,1469.538549,1.163205319
0.201242429,334.3906683,1.430847859
0.144761159,440.5153338,1.471186152
0.105883693,1475.675116,1.607144986
0.267454167,1788.889747,0.800354529
0.273035089,444.9709408,1.793067936
0.155297443,538.1741217,0.789095385
0.154244419,1760.073736,1.724693936
0.089667396,1396.914201,0.810747451
0.134768577,390.4635743,1.372088824
0.11130295,1481.814487,0.821498066
0.034390946,376.3762145,0.837168119
0.22664371,534.888827,1.584811093
0.26178425,1178.669096,1.883396141
0.057282985,1051.506412,1.961489123
0.212158817,217.0152871,1.960831905
0.276231864,2199.978427,1.043308207
0.184037503,375.9599392,1.328887628
0.14673346,947.504452,1.762408752
0.122837401,518.5590706,1.732909112
0.165403719,765.7623283,1.990123243
0.08035727,1548.953404,1.800530582
0.254062249,796.7666883,1.915708327
0.04957107,2026.618883,0.781784217
0.178781338,1076.75853,1.937589943
0.222588851,1082.669781,1.561011166
0.060486422,954.3257167,1.782659962
0.195369013,955.4092084,1.928203062
0.291080003,935.8315473,1.742160656
0.123096984,1426.096177,1.548661192
0.073423592,1187.081406,2.041087308
0.115681098,2081.292404,0.949473637
0.193581583,1234.726322,1.285797849
0.161889517,1303.180917,1.38290285
0.242776738,1328.982735,1.53494125
0.1265154,1711.228112,0.750764382
0.242279818,880.2771329,1.773652132
0.251387864,1523.59763,2.028015789
0.179237971,446.6195721,0.812220092
0.258348931,775.4575451,2.12483842
0.051633364,1240.825136,1.810472467
0.195612968,1153.474429,1.791247017
0.146198006,616.5682562,1.781336572
0.255818747,1119.104939,1.246954214
0.114641055,2056.572167,1.714366729
0.092832308,877.2483023,1.544755064
0.2099053,1322.214839,1.11451512
0.113657691,1354.80133,1.564247877
0.173975607,953.3133423,0.768280282
0.032043806,712.9479754,2.099265403
0.180082906,1048.302577,1.079285839
0.032860726,2009.554985,1.598615307
0.225760402,1951.564789,1.204482781
0.201107916,1207.998266,1.511162164
0.106990677,1336.067568,1.919516212
0.091291345,1459.236426,2.136133474
0.152452933,736.713077,1.09359538
0.099026925,471.5389299,2.025526954
0.113172647,1600.894872,1.848931889
0.229897342,1056.377013,1.933234007
0.292417113,1060.40392,1.25527054
0.170624904,765.1832573,1.466975644
0.164248897,1861.707647,1.27707319
0.124261211,817.6076197,1.753755186
0.109252994,1850.749116,1.000436922
0.076821108,1502.259719,1.845253959
0.119452976,1452.200661,2.142884818
0.19658768,582.9922901,1.763308173
0.184899108,988.4928432,1.337232286
0.109346357,1195.677787,1.950458486
0.162438321,223.6170768,0.913730127
0.181990341,903.5873989,2.084316662
0.081690453,1238.627821,0.913368389
0.112234122,1365.922585,1.726642327
0.088454702,1387.913418,1.188513086
0.145960428,561.9226047,1.993399679
0.173133385,1678.233872,1.638374476
0.12541642,1445.232614,1.373312157
0.200412868,1415.356173,2.036814808
0.294938303,1356.266771,1.560685341
0.155846553,769.7392173,1.693433947
0.252527894,510.5504037,1.449895062
0.235671578,507.8535358,1.138352986
0.227083765,1638.918163,1.041680022
0.223851778,488.232052,1.137471362
0.151239634,972.4936648,1.826868977
0.118434754,157.316745,0.957426128
0.172607151,556.5622032,1.846357811
0.226306531,1830.196651,1.625016997
0.189538472,1865.560489,1.920210028
0.224328729,1969.704218,0.992926268
0.112721089,1168.475386,2.077438758
0.102048273,595.8963948,1.954564126
0.164543767,583.9107272,1.825345501
0.245439616,1662.473482,1.282041747
0.274001735,1664.218326,1.548894537
0.116630065,1642.228973,0.721612634
0.151436521,832.4595128,1.695062568
0.154084307,1256.557113,1.928927751
0.08472823,975.0957412,0.733484224
0.036956978,651.1048616,0.928147793
0.055686719,678.5782282,1.44462067
0.215810446,1551.219419,0.88957973
0.076840012,362.7614502,1.944392495
0.088115845,1438.260476,1.021412406
0.112179807,896.5336503,1.020138946
0.13691082,1180.785535,1.489131877
0.166426541,1457.638186,1.248672072
0.073454055,1111.199961,2.084220109
0.039438581,262.2475805,1.796268065
0.189913663,1542.615982,1.448544183
0.235434949,711.6617119,0.783086092
0.280827968,1983.370468,1.83200837
0.187081492,1746.565142,1.235034897
0.144625402,1662.440452,1.232562712
0.297921106,183.5797392,1.788437676
0.05466966,1273.149225,1.374440415
0.136131711,1397.064152,1.177415227
0.285998388,1483.510879,1.558277916
0.255800448,1025.565547,0.823306927
0.125784308,1501.173505,1.092746145
0.189352475,573.2011181,1.720807211
0.16900781,1490.397163,1.64496461
0.181001891,1175.21043,1.361474454
0.119694616,190.8054628,1.412492332
0.041572888,1597.475409,1.926442133
0.192471986,1309.977271,1.27689623
0.140307951,1226.948397,0.920414476
0.162681309,1619.236696,1.655348659
0.113368011,1004.707619,1.403027024
0.119908719,1237.363905,1.15274927
0.173079309,1471.65055,1.740590424
0.077128637,1548.250895,1.183633875
0.159923187,1903.264108,0.751544806
0.106550894,1530.378764,2.056674972
0.099689332,940.8783189,1.175516554
0.152770859,562.565199,1.295183374
0.148563719,760.2447658,1.955426061
0.20246451,780.3050191,1.548612992
0.109599072,1528.696471,1.942520283
0.196217873,1648.955923,1.828286131
0.033006952,604.3666895,1.419419527
0.216739797,652.213233,0.730323441
0.167532465,1431.088321,1.648597793
0.104124477,1999.012229,1.851168267
0.209941406,1522.154631,0.852988476
0.203135621,1440.48462,1.156778787
0.040829089,1052.067277,1.317441374
0.263628818,167.1122109,0.856702428
0.043041968,398.7282152,1.577280072
0.168939851,1511.468582,1.336795888
0.117668388,1239.090701,1.257289227
0.132185051,1396.452031,1.405817516
0.161131011,609.7841292,1.088310676
0.210231823,655.6135456,2.024795833
0.166689257,1463.02411,1.638212906
0.080532865,883.210531,1.740721156
0.152370483,1535.397101,1.56993033
0.2025443,1153.603106,1.673004249
0.18623642,951.2918371,1.598480301
0.152343845,1001.180828,1.786846257
0.133899144,1502.153621,1.489003583
0.292662196,655.4376128,1.352011864
0.079114411,1428.717497,1.035407022
0.118971562,1674.845267,0.74547724
0.189203888,1808.89039,1.030278762
0.13540874,548.4931151,1.222340557
0.14204662,1851.761511,2.020570092
0.046781885,691.9750842,1.33474757
0.249030196,1723.748589,1.670540793
0.056548256,415.8271404,1.414844525
0.179108407,401.1546627,1.46621172
0.169959591,1424.11915,1.297209332
0.142173927,1603.709587,2.127204975
0.215370987,537.3437587,1.405250313
0.072226856,1437.101284,1.917635107
0.196878932,830.3364222,0.954984848
0.208873948,2183.292083,1.875354749
0.162614077,868.1779317,0.799785906
0.184780889,771.7839421,1.689706421
0.235777452,1233.555927,0.903957562
0.26677906,1199.082699,1.766094147
0.240326605,749.3409907,0.858002574
0.141621639,1404.672906,1.001270856
0.270131095,1527.243113,1.261766926
0.118272523,453.0658912,1.576604084
0.149478575,1451.530862,0.833144095
0.284704629,1769.295659,1.563463688
0.224249152,185.7760162,2.060667474
0.257656374,974.2700468,2.039989307
0.182101066,992.8021429,1.281068975
0.074130954,1475.002859,1.785015484
0.148710483,713.0591435,0.737248785
0.143710891,791.6978899,1.619083397
0.136421209,1262.191083,0.882577306
0.147610498,1621.483457,1.786039045
0.052239826,225.0213354,1.186636675
0.137983488,1713.913992,2.104671491
0.085713931,1313.230888,0.785396078
0.137189213,1156.155296,1.314039647
0.069646526,1649.243104,1.210363907
0.139645236,1913.789807,1.957989334
0.231483508,1626.299319,1.888791124
0.174792955,1393.367288,1.55620975
0.198989239,1517.938383,1.628204679
0.206367409,551.365626,1.004524864
0.071410583,596.5214204,1.448972372
0.223778199,935.4304271,0.99533731
0.072058954,944.701298,1.757886776
0.053070791,1442.139051,1.882403389
0.186079099,1294.215168,1.466553301
0.10584807,1131.388123,1.737242384
0.135781637,906.7858211,1.408289284
0.206904406,900.6133183,1.598342906
0.172665042,777.4520834,1.924381921
0.225646392,1806.038557,2.011621062
0.153276155,1613.933104,0.751085699
0.127576826,672.864674,1.573357809
0.130765759,713.166731,1.381187476
0.068889476,153.5949498,1.616504204
0.150183956,1341.145678,1.557109986
0.134106041,824.8945591,1.639193563
0.081933023,1223.749666,1.445255969
0.080605366,125.7309755,1.414558955
0.089142686,1434.036224,1.361637978
0.103574696,835.5997745,1.979161366
0.117415621,1470.821387,0.754836642
0.155390666,845.6210883,1.094869787
0.082373248,944.1759609,1.723000488
0.222994348,1086.921097,1.958146136
0.217679391,595.2142124,1.680153078
0.056808613,1554.439391,1.605129602
0.215404582,1518.508062,1.626193873
0.235260975,480.1206509,1.899603918
0.238844165,696.0936483,1.043850985
0.178812082,866.0671432,1.601941571
0.039939399,1599.995036,0.765212352
0.252610224,720.1175105,0.933678478
0.101394109,301.2304659,2.081292736
0.115230813,660.8465598,0.916104738
0.056125399,1881.176432,1.403082665
0.11301823,854.2200074,0.952485479
0.178595514,1594.152004,1.526254589
0.07924955,1064.720461,1.41743907
0.237791525,1337.878836,1.418116141
0.174065648,1076.241474,1.010027163
0.281519731,1600.198955,1.359040864
0.238188741,686.0598561,0.776227595
0.147706452,1712.998924,1.630239707
0.139588491,323.7687512,1.777507612
0.222666193,154.1799935,1.695647149
0.103134812,1917.094803,1.64552272
0.27383156,1030.91282,1.172955206
0.238841986,660.4533915,1.271906166
0.159491384,2061.645366,1.081782576
0.171490977,1027.221853,0.783444664
0.178190966,1717.0708,0.781234787
0.085893441,654.8042563,0.856973882
0.177371316,1352.385257,1.68278027
0.119277569,944.7098484,0.795406896
0.031175947,643.4647245,0.893752581
0.104015497,1469.886401,1.120974635
0.065269522,909.3807745,0.986474083
0.125036172,1282.606985,1.586776392
0.153956783,441.1479125,1.697798344
0.189091979,1486.401707,1.264370775
0.143627569,412.6349715,1.274958197
0.282923377,2014.670562,1.192448944
0.145162339,1263.55909,1.382188876
0.176210708,1964.558157,1.386994488
0.161662309,413.0864943,1.867744027
0.138292344,1130.721835,0.744504119
0.230164892,499.0450236,1.541645823
0.160225909,827.6019221,1.2314074
0.280601502,994.6982411,1.173877078
0.048683804,1605.835163,0.747742701
0.143154126,1747.195409,1.880271921
0.153147975,1146.425012,0.862747943
0.268360741,1158.943484,1.022374116
0.113532673,1313.681834,1.631117889
0.179353056,1265.240085,1.837468103
0.13948078,1732.774183,1.640423965
0.158808738,2161.93629,1.887515379
0.123044653,761.02749,1.822068495
0.162057132,746.8707541,1.132043016
0.224321132,607.2677384,1.698985361
0.070849561,1200.699273,1.81440183
0.097595949,546.1875862,1.276287316
0.187686768,2005.106481,1.341516304
0.188815183,2148.647508,0.878018753
0.049152776,1232.698672,1.214748309
0.065104778,1524.453051,1.102768452
0.16920437,774.023055,1.2036588
0.169040699,1056.644148,0.759370647
0.22548238,1005.278301,1.887529252
0.075290391,526.0880368,1.648774009
0.260064001,1315.04397,1.528358934
0.126662541,1073.1255,1.694717722
0.163057646,1140.451846,1.884758497
0.165803407,1303.225433,1.131154685
0.285721942,1148.965743,1.760930209
0.063424412,769.0644442,1.959632107
0.093065233,806.7358469,1.905746491
0.178767578,799.1099682,1.878912147
0.199851386,554.9720255,0.878148173
0.224828631,535.6246187,1.179346523
0.204733144,1136.013592,1.229793236
0.19896542,1388.700767,0.886027582
0.154110199,1197.30461,1.49632379
0.187030554,1392.161083,0.854062485
0.191775811,862.5612826,1.112937827
0.133822379,1663.639599,1.738827578
0.116144411,1868.5815,1.716305867
0.247578613,1556.958495,0.723755729
0.289203823,1176.651925,1.528259108
0.184347242,1117.586972,1.06089973
0.285268317,1664.092138,1.310514968
0.213783411,1738.061006,2.045714869
0.047407831,241.1868217,1.165804425
0.23678261,1124.477024,2.022315047
0.144649665,1243.599918,1.928879376
0.185327991,385.0209879,1.742689777
0.189181511,1317.698066,0.804317333
0.085426724,1695.647178,1.199825119
0.028474021,1463.888128,0.885540439
0.134368698,775.5400759,1.165959013
0.128820053,1386.17053,1.531337293
0.088062997,1647.041257,1.098509123
0.162595706,2111.6848,1.677335629
0.192997858,2079.549615,1.769861324
0.101648021,875.91996,1.167786397
0.197750883,1818.332942,0.84752423
0.106856915,1110.414037,1.305862166
0.158616793,1727.643137,1.103049354
0.224218045,1700.552652,1.490661202
0.202398265,796.2284643,2.124157483
0.182085694,372.8424102,1.235403082
0.177108184,2011.707122,2.043415412
0.203484316,1161.409657,1.704204907
0.186604825,773.0744671,1.228616214
0.218768708,1804.72591,1.512757109
0.095720328,897.8723872,0.945563695
0.183419289,1217.265939,1.893861914
0.12329894,1495.054672,2.058960851
0.148229752,1246.80337,1.256166016
0.172530978,1792.15936,0.924215285
0.135249786,1206.727918,1.721702111
0.060594963,1253.672425,1.889074318
0.077895544,691.6341619,1.157141398
0.120800619,755.8682149,0.930711857
0.11921289,1232.089966,1.035449487
0.120466089,1280.914086,1.35833913
0.19926842,970.3871503,1.131043596
0.15746792,1549.820827,1.615987809
0.118273226,1300.964207,1.463375428
0.090023702,1011.549276,1.271423026
0.116916177,940.8540849,1.56470535
0.210081485,780.1586758,1.955187159
0.070830985,1908.039716,1.608233959
0.089857405,1167.028139,1.996811462
0.239316853,1236.085417,1.130062814
0.111973739,1640.317208,1.119299016
0.204239792,1414.919051,1.518842654
0.183559597,1838.759565,0.954434835
0.253459606,1072.371473,0.921351974
0.057128775,1466.477318,1.010920054
0.202809761,1184.126559,0.912201226
0.184215877,660.0287269,1.0178467
0.182174265,1361.338125,1.943969299
0.143840361,1514.933206,1.580203879
0.239036348,1521.636274,1.762643394
0.197263329,1572.939165,1.050637355
0.123855357,1298.038398,0.906696814
0.271136414,1565.660984,1.782905384
0.299072796,628.9750548,1.998273299
0.249005497,1467.563515,1.904788189
0.120279151,209.5235731,1.389778019
0.021368057,449.8600005,2.082449114
0.253287324,841.1929816,1.04723802
0.05577472,2154.301205,1.693159365
0.240166903,573.2277017,1.751795001
0.222792888,1922.482403,1.149197798
0.181364797,1479.907553,0.826951639
0.153723282,1232.364698,1.190657253
0.235163135,1598.578005,1.093878303
0.065339292,118.5832909,2.023889283
0.058050539,1098.014191,1.875916288
0.047311862,706.1642996,1.16176557
0.285674479,1029.417683,1.224067986
0.265028431,1437.118908,1.41434292
0.196109791,1399.862763,1.159966734
0.174403316,1345.556437,0.915962078
0.162964004,1306.815524,1.402556297
0.149795436,677.6842878,2.126224423
0.105304335,557.777335,1.140403629
0.224010182,1921.47697,1.821576673
0.262740996,542.5023102,1.459626326
0.124269179,935.0190722,1.695480813
0.110025142,1893.454604,0.957904239
0.061822751,1154.307342,1.566506053
0.217524898,1103.783425,1.59272138
0.175850612,370.1695091,1.415316694
0.089680985,313.7295238,1.251290842
0.257665398,1419.270099,1.3836118
0.121831614,777.4645152,2.014414173
0.244204618,443.1049941,1.490264539
0.111210904,635.2852711,1.500463253
0.113606161,1262.469121,1.673134072
0.09763367,958.8138374,1.214606416
0.261647639,256.3626176,1.846444479
0.121617491,1586.881686,1.833445011
0.065892567,1048.448688,1.09888193
0.186443548,1656.371383,1.962650333
0.132038369,915.0661661,1.821683635
0.190244547,729.509177,1.827982103
0.114665875,671.3121296,1.343825201
0.102506161,577.2369655,1.169922359
0.175390114,2106.498821,1.266096832
0.271414338,413.8984113,0.843839786
0.235282659,1052.280524,1.527048688
0.177121059,1176.447218,1.527117362
0.099875831,265.1256269,1.551424589
0.128679117,1406.715812,1.96488632
0.105046536,716.5621495,1.352916944
0.117078541,1069.414023,1.515423763
0.16457293,1488.789257,1.054406204
0.172989605,892.1266376,1.016154357
0.078333923,444.3214562,1.714756538
0.061761109,846.0189707,1.745290714
0.089712613,1719.974024,2.107950531
0.120761267,1185.452695,1.558993578
0.069215138,1623.157254,2.101645726
0.052810647,970.7098394,1.732646259
0.047358059,868.1249585,1.448294715
0.217811774,1761.678013,2.070711642
0.144883119,1319.037531,1.639836057
0.064694645,1405.673217,0.866998496
0.115959422,862.9681207,1.932730568
0.196890577,259.042521,1.464588873
0.192587986,1376.57803,1.70680626
0.261511781,408.8768974,1.652840912
0.18847154,1647.100005,1.039998103
0.209994021,973.1588211,1.922146499
0.165499554,667.3727534,1.144773097
0.18266684,1974.638741,1.934966028
0.167186775,826.879076,1.193609413
0.146507304,250.5952472,0.729992129
0.178919567,1718.174816,1.601186611
0.096835781,1449.504224,1.272579205
0.15347569,1596.684614,0.98521507
0.239249112,1578.581699,1.678933207
0.165080864,971.6617355,1.043629147
0.24263124,733.6657576,1.030852561
0.175686886,1227.295817,1.636649438
0.162247011,1650.621865,1.900541626
0.046470497,591.8626814,1.418739392
0.217375492,1487.891774,1.136106977
0.038856168,589.5108635,0.982728307
0.122869126,962.2727257,0.722726092
0.201947295,1198.774448,0.757990352
0.057610957,658.0945743,1.705623195
0.122118146,465.9457888,1.676669296
0.194696082,1857.332235,1.251451342
0.104137291,833.907572,1.980603484
0.064518548,153.1000277,1.112973553
0.035866124,1642.51407,1.491263562
0.124827059,1135.215484,1.442279773
0.14513935,975.4048681,0.806077616
0.228344617,548.5903343,0.87019599
0.171391005,1022.427849,1.929475393
0.113167459,1622.531055,1.340926844
0.074327448,1979.323763,1.836202217
0.08593272,1034.543865,0.90039423
0.197006956,833.3825511,0.891657254
0.059963327,214.5060729,0.86952874
0.021139482,952.3479751,0.910206807
0.269529544,1409.272857,1.705262653
0.127983836,1715.31011,1.557618408
0.240032735,535.393979,1.367961527
0.142833216,2132.010409,1.745773843
0.138334334,1367.268198,0.748644099
0.247635938,1072.218936,1.459599861
0.162700278,1428.467867,2.045135513
0.21342531,1558.267097,1.130679257
0.103641289,947.8012952,1.636402697
0.280483644,1430.336139,1.410538171
0.0547741,1172.271616,1.280935148
0.146490539,856.8123842,1.654497271
0.061232321,970.4356877,1.638675966
0.08797908,1350.990497,1.05283793
0.123257193,1480.316477,2.021379039
0.081791736,1407.542333,1.927830447
0.199152463,1478.193188,1.577370202
0.071415568,1383.582163,1.318678062
0.141254522,1217.049287,1.486640256
0.055016816,543.7567267,1.00155336
0.177794458,1159.563673,1.248025597
0.149293176,1616.713525,1.491394919
0.072350399,1229.080114,0.905302323
0.069267678,922.2017217,1.612924005
0.17743931,561.2315771,2.009332137
0.138031405,293.3788491,1.690794096
0.09855817,1733.092254,1.635542105
0.132995767,986.5860595,1.966044361
0.280544888,1211.962224,1.26858126
0.264509387,1329.858866,1.076381808
0.02897616,1531.986633,1.979749351
0.263997724,1269.508295,1.51885618
0.186862064,2048.133843,0.781368992
0.127432681,1885.266154,1.760746523
0.161410834,1093.685246,1.456766001
0.118752099,2010.423084,2.116937584
0.129041578,1748.695784,1.112813713
0.200020129,694.0212656,0.728878279
0.085373055,1882.786796,1.764304035
0.247411887,158.358489,1.582158322
0.131163883,1029.403792,2.035974626
0.06668658,912.447873,2.051844012
0.259438174,1706.374015,1.788017701
0.135098316,1730.103166,1.44240671
0.144989299,924.2752684,1.588390135
0.271345067,1345.73225,1.682569085
0.121453499,1742.873041,0.911064503
0.078928852,698.1626321,1.455570604
0.125825008,1857.809485,1.100539788
0.162945743,2079.976445,1.45588217
0.276969501,479.3636127,1.683655373
0.203108953,856.3460408,1.572947583
0.240873117,690.1828816,1.788180663
0.297912036,1637.590752,0.921545399
0.07957811,1079.693029,1.454886462
0.130765149,1408.612211,1.272569621
0.196129315,1623.276741,1.492483896
0.118865595,463.2963653,1.045555578
0.067886606,1728.396521,1.161326493
0.100282323,1169.874226,1.038627196
0.084805889,1378.457693,1.725002182
0.270221086,1728.864443,1.760177364
0.156377215,477.3573375,1.24998526
0.206551966,901.7860573,1.961139905
0.156943025,942.9803941,1.984779158
0.126187089,1032.037601,1.117010525
0.115711824,1278.512819,0.810556694
0.131502375,1331.476747,1.299435156
0.139876129,2151.016409,1.835909284
0.157252938,1635.597493,1.224128607
0.092251658,1411.925847,1.745085653
0.145240888,1643.685589,0.915410669
0.124106576,546.5225584,1.678427475
0.136604919,1451.413365,0.94661245
0.246673144,1189.917887,1.011959593
0.097614625,630.394762,1.740895578
0.155290025,648.9117687,0.882307925
0.16808338,955.8625922,1.159687695
0.165338339,971.6667699,2.032909728
0.101470443,1200.525411,1.118500225
0.141786752,957.2126642,1.482470519
0.02136994,1343.489396,1.462532369
0.217554039,1342.241409,1.052124697
0.020673887,1163.102072,1.707280207
0.169613901,355.5882739,1.7617593
0.170590753,330.0967666,1.806259291
0.113545081,1519.707,1.033681745
0.160327434,786.8543391,1.424444458
0.24584231,1444.9129,1.501153246
0.210879164,1047.533508,1.311157993
0.051635483,735.3084677,1.579759622
0.094879196,707.7578916,1.831160141
0.188163265,394.3041288,0.73967454
0.124886202,838.721524,1.309085675
0.185748875,575.3499749,0.801842415
0.11230522,1047.523496,1.298692544
0.151594114,1414.108115,1.413261197
0.217989149,381.1457229,1.302955636
0.204308299,1783.403376,0.79647064
0.126717987,1077.064867,1.753729764
0.221366433,1975.409488,1.266332434
0.103842435,1491.581246,1.658412118
0.182413713,1652.060096,1.885976569
0.106773978,1175.714213,1.167094656
0.20580964,147.9640684,1.045709187
0.158034316,626.180687,1.691435763
0.258306762,662.0169945,0.766707891
0.175787721,1648.505455,1.44987157
0.163525172,1121.745894,1.616695569
0.230914146,1329.559989,1.386281515
0.064239613,554.2330105,1.819311165
0.233473658,843.5898088,1.756802983
0.229098668,1578.731648,0.737840588
0.139872825,1245.774315,1.589628095
0.1629603,690.657338,0.998201847
0.122692017,422.0224139,1.205264698
0.207475227,1267.21281,1.121689762
0.087376452,1997.622081,0.971283975
0.166807858,1097.346383,1.195620316
0.286076708,536.2855311,1.1235004
0.215614378,1070.284424,1.632796034
0.08564347,1812.966699,2.004829513
0.176888002,1440.16887,1.831237827
0.164851598,1803.59736,0.830349175
0.177933053,743.809314,0.975539177
0.242259949,495.1391291,0.935603895
0.25165798,1077.317318,0.985536478
0.190430451,448.504056,1.758009848
0.281631515,1863.63147,1.293385809
0.058052692,1259.283639,1.771052234
0.240348436,1639.117895,0.777417105
0.095696625,932.5776376,1.67647471
0.233236909,1385.509912,1.426476135
0.151564918,1047.068846,1.992746883
0.14008865,1329.33938,2.047633614
0.190775965,1575.831428,1.255780027
0.11529322,1304.363512,0.996237125
0.143689969,856.6853106,1.366519778
0.040767073,1618.426799,1.536585494
0.243421953,1983.603669,1.439177064
0.174219743,450.0893709,1.135955346
0.175064199,645.3386948,1.31504945
0.144191215,779.5028144,1.643994956
0.127737153,1092.287353,1.418240599
0.267030946,294.8588508,1.901490942
0.157667806,267.3583313,1.938501511
0.128225553,1193.89067,1.086531142
0.091394752,1061.510507,0.984642671
0.238261708,1308.614011,1.251490755
0.225423588,1339.764774,1.257878788
0.073395501,1418.36771,1.60003798
0.031566613,2057.731159,1.352281153
0.220453301,225.7549889,1.555880362
0.035268555,1290.450428,1.512884545
0.154074306,427.2977016,1.161530226
0.179432631,964.4373284,0.924442066
0.258679713,913.4005866,1.57864089
0.150572977,630.8618574,1.715443293
0.209740974,771.0143693,2.074163922
0.124259295,1964.94832,1.402442951
0.246360002,602.1337816,1.288400744
0.192985557,573.9098696,1.471675242
0.067910705,1386.781452,0.85246741
0.144341752,1685.888088,1.484730109
0.094059636,1682.857664,0.99956035
0.202217925,1489.376647,2.120678475
0.196234176,190.2706244,1.763751853
0.221502367,260.4522987,1.94372499
0.174274909,1621.114664,1.927468078
0.27349446,1067.809182,1.661993024
0.281815674,1957.264967,2.015109889
0.122243472,130.6533441,2.101187914
0.260376572,941.9462708,1.87150748
0.212738411,1053.571607,1.570939548
0.128192228,1336.142943,1.786963779
0.177498573,1748.31219,1.127537622
0.228523797,2081.599284,1.193720688
0.162154382,1344.914963,1.238882636
0.151512014,1740.78967,1.483284372
0.212211502,1728.996513,1.146876393
0.215574669,1223.908193,0.755113928
0.069554627,1350.880108,1.885627433
0.230657933,197.1773454,2.01629456
0.243608634,1040.123593,1.897159561
0.146357413,418.947362,1.843268917
0.105164012,439.5248065,1.219497739
0.148496595,1450.698991,0.838577947
0.133312416,1533.750104,1.644166373
0.108740715,705.8696877,0.744410082
0.266241262,500.5532764,1.218775624
0.086151874,1794.421737,2.029043103
0.142837113,1469.496692,1.467825099
0.174824707,1721.690995,1.701253313
0.069784414,1944.372212,1.594963121
0.176454777,1377.850137,2.030952037
0.117252648,1308.273084,0.975043804
0.24841696,1487.379883,1.87876451
0.267967878,1387.645885,1.76553551
0.126907878,1408.225053,1.660495644
0.184049758,804.0322268,1.921540297
0.082929133,1072.963294,1.409414827
0.277205945,1117.221598,1.439862671
0.188227729,1131.924853,1.712483046
0.148107757,1856.088559,1.143324933
0.23987424,1006.15686,1.676364082
0.22669285,1196.694768,0.969983233
0.068981045,1353.868322,0.989956061
0.20210996,353.5724057,1.735133232
0.179303817,1692.398024,1.738220301
0.228463572,1596.955162,1.376847126
0.078803798,890.7715689,1.642728727
0.088898358,994.7466418,1.160185239
0.188248474,1672.185456,1.52317789
0.06834753,600.0550205,1.374612892
0.055853748,1563.745235,2.005236669
0.100157998,1447.634181,1.849088383
0.074430745,853.9466985,1.188057241
0.092750255,879.1078217,1.836694482
0.231636496,1008.892595,1.196186549
0.248813821,624.5565564,1.098618494
0.112005595,2169.515633,1.700070676
0.210878782,1107.23918,1.492774975
0.207507505,678.7564646,1.878459356
0.214242414,1239.796712,1.117181056
0.027442322,1381.057297,2.113070724
0.107320838,1069.648788,1.653195526
0.117826293,1316.548196,2.099651966
0.190505694,207.0449785,0.876922186
0.114508886,1762.715767,0.788622305
0.101209237,1424.865193,0.803679788
0.073697541,1973.388407,1.551577381
0.129100046,1019.065766,0.918444877
0.244017137,868.9756107,1.19426143
0.262553231,937.4948867,1.574277885
0.140832729,1591.788477,1.193106961
0.110859078,2053.542889,1.576732304
0.246357003,1635.340858,1.9408616
0.171134051,1375.17762,1.829113234
0.270666855,1217.945757,1.127122907
0.128314574,553.2292422,0.930577202
0.155975319,1235.407042,1.599307261
0.10210432,680.0635877,1.668037773
0.116988759,387.4137521,0.844264098
0.202108993,478.3078121,1.11590983
0.112910862,1657.278685,1.856095721
0.274476989,972.807603,1.146714916
0.124194871,328.0609739,1.665843233
0.230576646,1310.870767,0.949433358
0.156691862,1394.95931,1.823501286
0.243722496,1835.456359,1.95429673
0.114938393,1031.10802,2.028437387
0.266764753,693.6240689,1.634722428
0.067498932,255.2081744,1.232611157
0.140065157,1380.131916,0.94654598
0.212261954,635.5167599,1.784661671
0.17048659,1065.430742,1.950706376
0.255342758,816.8549704,1.973680539
0.198564225,1397.933139,2.13336467
0.189597661,1282.682465,1.528716702
0.047701024,698.3607478,1.799267516
0.156810258,727.7472673,0.874538938
0.15172528,1167.106202,1.538542614
0.194595774,2095.914136,1.430152659
0.164096844,650.5958248,1.301706738
0.056337337,1073.17904,1.6414491
0.178627466,148.8176756,2.01474135
0.199217146,1836.046564,1.608374507
0.197431224,1268.139539,1.980787973
0.244769345,1410.97504,1.246290176
0.114238858,1197.97365,1.642168512
0.085161824,1208.650304,1.701153723
0.081870286,412.0555923,1.767833915
0.262730702,707.9147859,1.991581646
0.080895822,1046.589927,1.893013027
0.184121044,2178.094237,2.098994821
0.097819068,1563.509249,1.888738277
0.033422242,769.2907188,1.59841393
0.191454876,1541.752897,1.900748217
0.060723804,1035.775167,1.922823248
0.025206984,501.1255665,1.211128558
0.095196834,1217.881429,1.59426102
0.191188584,1031.120398,1.301795729
0.118568241,1102.643089,0.730973664
0.201246108,1170.64483,1.957283904
0.122434324,1107.361063,2.137324666
0.174490997,1801.227872,1.306345103
0.170084811,784.8761073,1.079340803
0.121149422,982.63358,0.878502715
0.200555143,1683.510393,1.370385662
0.045428628,283.7906572,1.494269027
0.176566114,926.893125,1.3795082
0.169388955,1828.404643,2.051194445
0.093675125,236.2528461,1.03886199
0.192263654,965.5711456,1.563362451
0.131655459,1382.999597,1.523596237
0.044616734,1530.546354,1.708603672
0.124299074,1051.885086,0.81640147
0.231492848,1491.823089,0.783333622
0.152174882,426.764829,1.333449574
0.052717387,251.1040095,0.976161692
0.194377373,808.5060373,2.044735797
0.110865255,671.2640618,1.493464415
0.129156552,1630.732593,1.321182251
0.21747408,1771.366684,1.081124064
0.177086638,1267.549247,1.449076383
0.175065727,879.889474,0.903799988
0.141319011,1605.778213,1.626098824
0.129797857,1918.930611,1.007537861
0.226695898,1095.826727,1.651254244
0.162944204,519.2634623,1.471078444
0.248695629,478.6871914,0.799874708
0.207260967,382.8490468,2.024801322
0.055912566,1019.214546,1.513992284
0.154358743,1117.599322,0.99511083
0.230920861,1133.407366,1.244239211
0.106258111,1118.075825,0.818687419
0.094392094,705.7659053,0.925175562
0.170698427,746.6946871,2.098605165
0.099632531,1169.767769,1.526326729
0.193733937,1161.044956,2.077114085
0.0249919,1338.596114,1.715429734
0.165117605,1651.965676,1.227993866
0.165875855,1435.420926,1.785687714
0.227304489,1597.925812,1.528487346
0.253235597,877.7717318,1.276403079
0.25523549,177.8651447,1.348247427
0.200367533,1158.250358,2.100587269
0.159866906,1030.37889,1.440867604
0.248161457,1053.559035,1.582353437
0.129142969,847.5808249,1.627514699
0.127501022,710.143261,1.840030195
0.228214863,1388.09633,1.941408326
0.168413027,1061.607233,1.285487745
0.07815933,417.1611834,1.388588566
0.134428412,862.3237783,2.020379415
0.201832711,831.6466206,1.66817111
0.074841483,1565.88872,1.734469509
0.086951128,1228.007193,1.709915284
0.190890751,1087.798459,1.539110262
0.146898244,880.9148468,2.081318101
0.055476343,868.2097074,1.722071943
0.173894249,1767.214294,0.880580342
0.090085936,444.6513153,0.91007809
0.158356548,306.4048088,1.28657352
0.147634372,1262.948231,1.895617728
0.078056857,1983.108513,1.693621818
0.271881112,578.8178291,1.358643312
0.160687394,1721.987441,1.701145111
0.230807162,1493.561341,1.108386065
0.080759899,1768.88839,1.104981576
0.148326291,1847.933094,1.509750774
0.252198301,1766.713621,1.350758449
0.191955448,1015.310342,1.81097034
0.180833342,1381.188278,1.325868254
0.196441328,1255.079325,0.967849427
0.131275949,796.2052785,1.734213783
0.186659807,718.6473636,1.551861543
0.141084648,1638.204746,0.857604035
0.09390337,1005.601747,0.998014008
0.108940506,1294.394489,1.438966795
0.138147266,578.3820822,1.434472431
0.053305465,1274.842398,1.704724838
0.192673553,1750.676009,1.49861457
0.149876846,1161.745962,0.718370769
0.063808893,920.506418,1.154228244
0.16166115,1201.998297,1.716842142
0.182212879,376.8819888,1.006358098
0.271976375,646.8487454,1.508414246
0.143320567,1451.371985,1.687269567
0.233746417,1472.287699,1.119133563
0.191008863,1392.033657,1.98587409
0.126603304,1802.605103,1.933472766
0.201610378,740.6403898,0.724577157
0.178161844,705.6043416,1.685580226
0.106446376,1101.282703,2.045064295
0.135790457,1407.758312,1.426312791
0.137126793,1323.254678,1.171587415
0.084223965,1825.768932,0.969901827
0.115275768,2015.712913,1.684882822
0.144654603,1441.047471,1.273998323
0.024642881,1702.903334,1.792803812
0.166865218,1055.171945,1.813801939
0.208792988,2059.462008,1.542114834
0.135640904,1851.372961,1.677829665
0.160311614,482.7983667,2.054910094
0.221930754,1097.762034,1.549158636
0.15464758,968.5227799,2.026806942
0.190585114,170.9404751,1.273579922
0.188143479,1242.346079,1.34317855
0.158192323,913.1963979,2.129398505
0.064022365,724.248133,1.447588709
0.159989095,1673.463042,1.087766481
0.168722504,1304.951523,0.767603758
0.07377276,1557.554104,2.069510092
0.128043395,819.1285101,0.864539615
0.113290623,1509.963975,1.257708462
0.114851335,1065.028838,1.861228644
0.111465225,260.118563,1.363547139
0.086650969,1038.18419,0.869224096
0.042468549,427.6087799,0.956917337
0.206966828,1016.030217,1.457479294
0.156166353,1429.803529,1.174797365
0.161542597,1345.876208,2.115091101
0.167404129,823.7079242,0.737238761
0.178800861,1207.797146,0.929898299
0.161465009,1484.589295,1.414431779
0.149683612,986.8866009,1.976219993
0.132747447,395.9511326,1.302453338
0.107469053,1709.378513,1.61351395
0.190457629,544.3491139,1.143337667
0.172328249,602.1820911,1.255053263
0.136302344,2044.135702,2.12675083
0.185709431,187.1610132,2.018679976
0.133699849,746.9564916,1.45626175
0.258494994,904.2364826,1.590389524
0.191210521,1660.058979,1.269544253
0.125661416,1159.03261,1.129999917
0.18807319,1289.304457,1.544272889
0.156753663,1577.323006,1.17772829
0.083390944,1516.195525,1.639352946
0.198558356,475.9823454,1.762792779
0.218926645,800.8825942,2.056224121
0.103530949,710.3236894,0.869787685
0.047423806,720.1374792,1.249292407
0.244243156,1982.190236,1.773198345
0.103819074,1100.180462,1.299179586
0.103613332,378.7565436,1.651773787
0.123411768,1557.83136,1.922318211
0.041663545,2064.918667,1.183683267
0.127482348,2082.70149,1.995594631
0.022313192,2086.224263,1.905608956
0.247291705,1429.591606,1.701865226
0.174593219,1163.503364,0.989756951
0.165323977,1754.930838,0.783057204
0.194188953,524.5542149,0.896726412
0.121857401,1522.959126,1.219514573
0.065172296,428.5695614,1.37831828
0.164644221,1363.450317,1.68729599
0.148443965,1424.951258,1.43627842
0.032061322,1124.043697,1.337649066
0.087594635,1338.350573,0.884512982
0.098478755,768.8476693,1.984412603
0.2035329,570.5072274,2.104190173
0.16039309,898.9384188,0.765669977
0.040818924,1455.309589,1.758223861
0.140102147,517.0630765,1.684458365
0.04421309,1560.4813,0.769126977
0.067298031,1076.344501,1.137742115
0.213741389,1162.771422,1.569902077
0.177775422,927.6557178,1.674762778
0.245316927,1559.714718,1.075543319
0.278827275,1817.620817,1.645514179
0.064871062,1653.323941,0.898265911
0.249983867,2101.192186,1.472410084
0.181491818,1870.418079,2.042972914
0.167175561,301.8568121,0.842308505
0.182154156,1699.504714,1.542095905
0.16764061,1383.638909,1.049316679
0.045877166,1633.761064,0.919400976
0.154267521,579.4129313,1.319790261
0.04983191,1920.520647,1.299282992
0.148488318,1516.729117,1.24815535
0.152704152,1170.744069,0.841694722
0.029795601,861.9700685,2.084664099
0.197392769,810.8046047,1.131092174
0.22401944,783.1644024,1.743403085
0.038243893,183.5699336,0.763599642
0.057790359,1705.860171,1.127800914
0.264382923,1639.593327,1.730081016
0.267038852,2002.863963,1.557776893
0.077892747,877.7360895,1.439574186
0.046301415,1974.195804,1.218156834
0.248379961,797.0377094,0.829683365
0.072053531,1010.93238,1.84902662
0.099086115,1366.777876,1.551049891
0.210498104,1172.875816,1.343487734
0.182573628,1968.759884,0.833723456
0.170285846,825.3844716,1.531779522
0.206621989,193.0709515,1.261264067
0.111284383,286.9176628,1.59761553
0.199433847,682.105593,1.981987262
0.194787705,1500.552488,1.360927178
0.056922704,1163.487599,1.353629892
0.142563194,1071.792556,0.848782017
0.224337947,1285.154213,1.729858094
0.205835654,672.9246127,1.901192126
0.228812994,351.6741144,1.482486029
0.20973704,1188.446932,1.906105724
0.121186917,740.4280497,2.022955316
0.287156881,2022.961171,0.990636536
0.146925725,775.9332983,1.318292405
0.129610754,1199.958097,1.563822678
0.275842331,718.0113247,2.147764987
0.146924625,1019.063999,1.750166717
0.107401595,1634.080701,1.029014839
0.108871402,1189.144344,1.456095696
0.152147916,1088.650738,0.852200062
0.033767326,907.8681822,2.096936671
0.216561172,305.591416,2.023080513
0.160608321,1275.521134,1.848622971
0.181106779,569.1947272,1.946945637
0.155268576,1397.282482,0.818926806
0.113302496,1481.020773,1.252116343
0.036210327,495.6188135,1.573795318
0.12692625,1217.066805,2.008744303
0.231892837,1112.384476,1.671041669
0.136598765,1601.268804,1.299068107
0.281334979,745.8993011,0.734401905
0.251090603,1375.893554,0.896495843
0.239907953,1492.862912,1.403821571
0.107049851,1357.365986,1.243463589
0.098269315,2190.731506,1.013331886
0.126121159,1293.473489,1.034585271
0.217440712,556.6582941,2.029158441
0.107099247,1142.761434,1.123912415
0.135424056,796.1079745,0.905664162
0.06338328,1401.584386,1.143101055
0.067869891,961.614896,1.826775191
0.093064782,402.6555314,1.56756736
0.091850769,1188.499071,1.025355847
0.153372609,1869.190824,0.922635359
0.098644368,1286.887284,2.107180944
0.127992403,1390.438332,2.128439066
0.241665215,982.736502,1.961286806
0.10787193,1393.43971,0.952832173
0.268181588,482.401729,1.809895832
0.200228027,626.1904155,1.73920869
0.212285674,2064.038401,1.059772486
0.054529246,255.2591204,1.225509839
0.196524555,641.6242091,1.453787163
0.232834515,1350.03044,1.213832714
0.179798993,1608.866132,1.133614204
0.28208186,1031.912863,1.004203081
0.201465282,1326.245886,0.902211472
0.199696843,1708.354789,2.045627191
0.134745531,953.0064921,1.062889624
0.274696378,496.3884764,1.714299773
0.136234682,899.2338471,1.344462004
0.125389716,1467.389744,0.781309758
0.231866213,415.7186315,1.622958648
0.1207631,1011.076476,1.063094035
0.227641468,1453.614809,1.633571772
0.099826156,1304.181722,1.771299974
0.061201256,1301.509047,1.552381174
0.042711952,1898.659046,1.942906607
0.140446651,1388.926953,1.599844996
0.119505605,172.4111625,1.092849293
0.17269968,1227.330572,0.930457715
0.158764557,1365.387567,1.006693143
0.153510726,1561.072343,1.261927152
0.213519303,1614.81727,0.813439302
0.218195244,1755.303863,1.574346229
0.141548971,1609.532953,1.228934491
0.207516009,1367.33967,1.362931277
0.109570633,1250.610755,1.270684107
0.187939139,1565.965884,0.929064622
0.231873012,713.1992645,1.124392414
0.10401795,1147.340328,0.98689557
0.06307177,600.8435502,1.674105942
0.070166131,835.0289154,1.704232855
0.239632132,579.5316755,1.580945086
0.144691952,1275.498189,2.135998328
0.057791779,2004.751221,1.708465391
0.186459352,1526.713316,1.426190199
0.085732921,1439.794654,1.350766697
0.231025929,388.371476,1.991322012
0.158064767,2071.991175,1.309360784
0.148324251,1573.884142,1.187655389
0.275971611,1073.41166,1.6934891
0.218491759,554.869738,2.066232154
0.080359963,1024.501039,1.136861355
0.166481699,780.827134,1.129523804
0.141088547,1413.143838,1.827461153
0.151062143,714.5255964,1.00240323
0.239922815,1532.025253,1.721618958
0.111343555,1548.78534,1.93596283
0.185788204,713.8804197,1.14923244
0.023344945,1079.978728,1.150183268
0.0299432,1730.972217,1.316546676
0.185959572,1098.937125,1.208127211
0.140794169,220.7503924,1.135110941
0.168118612,914.986378,1.762888289
0.165630829,1461.469758,1.382580502
0.06745519,865.3394404,1.1276217
0.210165533,450.7754776,1.455894286
0.191390806,1985.726698,1.892731914
0.184864233,1141.943853,1.424956969
0.084014094,1501.957851,1.547709352
0.064627745,873.1346389,1.980099447
0.204283919,1014.618162,1.82036492
0.218428968,1113.772761,1.700179732
0.175065885,1061.516957,1.44584429
0.165910806,1555.540747,1.836297331
0.085712904,1765.342878,0.922644077
0.204513784,1408.113366,1.181277211
0.268551496,1948.013815,1.600449693
0.167020113,1006.582087,1.100325285
0.07372442,1741.409252,1.482930416
0.15227289,1316.799262,1.003921469
0.167467316,1011.026878,1.178763873
0.235034331,820.2566007,1.163456127
0.159443449,755.7167935,1.17661078
0.186625945,1555.288725,1.943571866
0.069833292,1391.675018,0.906252154
0.155669582,1941.855095,1.688324382
0.151726921,1213.495984,2.036363006
0.115855702,467.0136664,1.434577608
0.211533127,1121.929622,1.795998931
0.156367752,499.8423078,0.970859319
0.066046806,1040.785088,1.529630355
0.239078146,2062.858358,1.029491631
0.122659338,1998.55556,1.387340985
0.025372385,1430.747191,0.729944343
0.18664581,693.0820802,1.803149616
0.209346283,1310.904772,1.607089439
0.238175326,1591.247135,1.054440159
0.103916344,1707.010542,1.206033688
0.238959857,2184.228445,0.976442633
0.113605465,958.0812883,1.919960702
0.171388288,936.9545753,1.492550676
0.091501395,1213.992654,1.890676259
0.231219896,760.6322332,1.056815467
0.184043338,1541.980408,1.393535824
0.063717568,2162.553688,0.979834341
0.095893087,380.7869713,1.751612682
0.194841803,1038.76034,1.082197775
0.163692456,667.9860711,0.743115434
0.238588749,1300.438797,1.538759029
0.057199679,1121.881717,1.144201677
0.037283631,1293.872691,1.914903931
0.163221323,1567.056082,0.813294325
0.054876878,784.8235528,0.727019938
0.175564431,1075.300562,2.033118687
0.186375241,1023.959805,1.695061516
0.228586977,1364.30114,1.226422525
0.143129446,1167.78175,1.524674814
0.176697686,458.8911502,0.931753128
0.162880847,775.1221078,1.009088263
0.234900472,1122.602427,1.596991377
0.256634782,108.8675309,1.619096231
0.166251269,1434.70852,1.45690854
0.144037477,1982.870854,1.38693757
0.206660344,1511.316491,1.801055923
0.125804546,166.1979767,1.208153086
0.220832404,1274.146658,1.932495508
0.142849504,1039.038023,1.267072986
0.193074321,1829.40071,1.563834399
0.088957611,1461.148201,1.723575187
0.198873626,447.2069583,0.974875631
0.065155022,1718.192687,0.877348957
0.281890627,1301.728202,1.534535229
0.169345647,1693.368618,1.680535457
0.127928819,897.885579,1.627853606
0.094615126,1711.250207,1.27295155
0.180232229,1523.136357,1.072688125
0.135062064,1340.819375,1.102133823
0.122790704,1552.881168,1.793182161
0.026980725,396.1709933,1.24574395
0.176507183,833.5380883,2.056598777
0.040993299,1050.885622,1.400849092
0.173565491,853.3436446,1.298293163
0.198758899,1978.236995,1.191332532
0.139271967,1097.517247,1.379318654
0.274909899,1406.555927,1.667982796
0.207733108,729.0037595,1.590725067
0.127235887,1933.857859,1.010420347
0.215265898,429.3675463,1.914851952
0.131322906,1762.016719,1.654742401
0.207255255,937.5446765,0.846340004
0.088237175,1570.366245,1.742269976
0.198599566,540.3025284,1.902421353
0.12619165,714.8658627,1.437494683
0.12691099,1146.604475,0.752014916
0.248554461,1910.635603,1.483138086
0.251069603,1691.503105,1.570585269
0.088057472,712.4938016,1.671483862
0.09151147,1310.770135,1.851674687
0.093196648,436.5467209,1.197470649
0.071452232,466.8630409,1.836858832
0.159083876,991.0498755,0.940147187
0.266499782,1222.902055,1.177723902
0.176734685,876.3772961,1.641662365
0.176224857,1487.260924,2.062359478
0.047713182,934.5787365,1.428632523
0.166573814,1959.876864,0.98786793
0.038637289,1038.187488,1.037367084
0.214314879,445.3660692,2.074693947
0.234630111,1139.904714,1.926521934
0.113221371,1724.275305,1.953955344
0.159392431,1996.079538,2.139409702
0.225968477,1450.403618,1.884703056
0.192218297,1287.694376,1.794034973
0.221323733,1305.914135,1.497593497
0.250201695,894.1137281,0.900977818
0.27570726,753.7064867,1.988987077
0.14394836,1085.248933,1.645511695
0.129181059,391.2361393,1.811915472
0.174096305,527.9362159,1.13517728
0.241516673,1061.962208,1.45760118
0.029957995,1108.873545,1.31808491
0.166437412,382.9255117,0.721201797
0.108078131,1547.850441,1.648173975
0.088128716,1045.272038,2.059972285
0.245063158,668.410029,1.357089703
0.096771722,1418.958644,1.913893461
0.165585728,2149.733032,1.043898491
0.121145563,918.168765,1.510135468
0.151205591,1546.934941,1.920743382
0.201087511,1923.911482,1.980540544
0.091830975,1600.743572,1.438068959
0.183354948,317.8504493,1.214195203
0.063781608,1043.138412,0.898290335
0.03281822,1181.89035,1.910658678
0.188318336,1593.758374,1.837412703
0.175284856,806.8002943,0.824084013
0.293376659,816.533978,1.977737382
0.205344646,391.9193681,1.804959924
0.145266454,798.6614284,2.081948392
0.13022318,1642.425981,0.797520865
0.135178713,1045.187298,1.648754851
0.104604094,1620.675419,2.134067853
0.172252309,1043.470509,1.755463176
0.129780884,931.0654765,1.352133149
0.181162564,673.7385559,1.176310413
0.138527925,1300.084274,1.209976715
0.117385692,687.6571661,0.734860729
0.028615621,348.5695238,1.45024925
0.102264056,749.6803011,2.109574198
0.085441576,1582.693297,1.698659917
0.124803372,354.8776309,1.179516479
0.053940152,1925.496276,2.083847352
0.155183211,1292.575338,1.4710621
0.228016604,1195.35932,2.144576061
0.068459832,270.4087051,1.260066023
0.200020526,1026.356888,2.092038379
0.131443478,748.5835275,0.837448555
0.100354783,1922.400909,0.74749335
0.288011835,1326.43201,1.223719759
0.270712652,1547.796498,1.104578001
0.197094592,1168.736672,1.947869118
0.060955653,1208.728552,2.042429191
0.059841472,908.6487203,1.309826594
0.169913077,1221.747913,0.757507493
0.15025279,1801.560578,1.185579884
0.173038487,1722.735851,0.852006188
0.293912512,1017.671149,1.348656547
0.096114537,720.7615402,1.48329852
0.22602945,1410.877788,1.096907724
0.09836746,886.9659457,1.969272859
0.143942731,1956.045637,1.252223333
0.119911636,101.1852539,1.021759794
0.129938361,1023.554622,1.28595661
0.207776779,2072.189814,1.303044753
0.294924306,1449.032777,1.35564673
0.265778667,1493.608842,1.557331138
0.030509874,2065.003247,1.456220045
0.18821101,1164.769199,1.127188589
0.101873142,1238.509456,1.759861842
0.027941494,825.4971721,2.022848339
0.183874572,1937.146596,0.893457261
0.1833045,831.90979,1.240048244
0.102664457,1934.735054,0.82588718
0.114916277,905.5863145,0.755610473
0.202355263,1466.546395,1.099142265
0.245722174,471.6623572,1.982397546
0.199797041,566.7063644,1.315899523
0.210990973,1078.296197,1.660738717
0.208804956,2160.690592,2.144072487
0.201234445,2060.145956,1.026908654
0.184809827,924.7642886,1.649779191
0.262256727,1010.543174,0.804459146
0.227557252,1607.148166,1.438099915
0.235181019,868.1844771,1.772630682
0.21019365,1559.513696,1.203805488
0.055276631,1166.040604,1.621422139
0.128700098,994.9754848,0.816335918
0.222598611,1252.582078,1.088874671
0.044668126,509.4933232,1.502714936
0.131034574,1665.570042,2.034642051
0.185521738,351.1869459,1.058080812
0.147754084,1363.187476,0.911757039
0.194670251,1881.888543,1.500132157
0.137700283,1513.115159,1.704078902
0.093188185,626.0424281,1.61435207
0.130841926,1616.187934,1.344252251
0.130336927,540.0013776,1.388250379
0.143134529,1284.991405,0.769962856
0.211916359,1370.919871,0.911991038
0.159579356,1939.2977,2.121054569
0.150960045,223.0969832,0.889760922
0.191802361,1286.237803,1.09457747
0.130066548,1504.08122,0.854480552
0.16721652,1386.368139,1.029950327
0.160685203,1471.642059,1.363709084
0.232231929,1470.179004,1.71576572
0.120461773,1061.885624,2.002219848
0.219164381,1343.747783,1.139947344
0.162616761,1466.023633,2.004446485
0.14611617,1096.196506,1.239085168
0.177065786,885.4899996,1.353845442
0.182507078,1243.650695,2.079944111
0.104053897,1365.748107,1.422804856
0.221499824,1806.761563,1.859135658
0.132988859,1501.789706,1.37913529
0.145992589,867.2101786,1.765627611
0.08733311,1666.616202,0.836344698
0.298887984,470.0853655,0.98351858
0.129102415,1721.290056,0.763851125
0.093698025,1647.858781,1.862534921
0.136052506,850.6523614,1.734725849
0.173494312,682.2959049,0.794584749
0.217214844,503.7756343,1.0430895
0.086231746,1695.532714,1.260238877
0.032753073,756.1874214,1.900077214
0.256361396,1089.168397,2.001860956
0.067136985,648.1402188,1.148515545
0.188455937,614.0036185,1.753926187
0.177578052,935.6472787,1.933254396
0.147674092,1364.50883,1.939515696
0.243558203,153.8705715,1.264122466
0.099867066,687.9902236,1.612336579
0.125421509,1640.504973,0.852217634
0.201469335,513.4590944,1.948926167
0.270958471,287.6134838,1.664674074
0.100278627,1667.200358,1.066948513
0.18366469,1735.015068,1.44099168
0.168919435,1410.327212,1.394039447
0.181093981,1575.742878,1.062097657
0.207875716,539.095596,1.552427579
0.046233969,819.463161,2.088361794
0.12412982,256.5100236,1.426496313
0.205245495,379.238026,0.920951609
0.094901306,1748.244096,1.90863307
0.126694143,1430.563187,1.428189473
0.026088771,633.0541995,1.437607795
0.11212596,993.6102086,1.086900214
0.193472258,1109.093153,0.964161061
0.218092892,271.1170516,1.957759097
0.144638306,1193.032315,1.40563312
0.253772892,1071.688322,1.727181741
0.062199624,1658.21582,1.985930895
0.230834403,929.1747146,1.615523908
0.089438403,1008.180406,1.660844242
0.11829303,696.9946536,0.988556533
0.259682709,969.2199718,1.505922813
0.167197704,340.3577325,2.016772469
0.171071058,1219.421371,1.863641229
0.128215057,1311.797121,1.535524981
0.294970516,462.7251439,0.908634642
0.177579526,875.3319156,1.98400296
0.162933827,1617.046913,0.778624191
0.183482446,484.7139715,1.62212859
0.070692182,1049.229759,1.492026971
0.227391239,1827.775124,1.862763702
0.216318846,1834.609591,1.432675142
0.11249867,1412.641639,1.985347711
0.131341291,986.2663738,1.656060457
0.076071671,550.0742615,1.950501707
0.119927229,828.3282161,0.887154676
0.208106953,1069.868293,1.772870026
0.059128644,343.5037014,1.432847813
0.088052658,2085.141141,1.088850304
0.170363624,1393.591693,1.074965061
0.201236872,864.9350842,0.881940368
0.117729404,2195.741297,1.645148177
0.118430935,1580.163468,1.297178633
0.179472579,1706.664275,0.817710781
0.187058854,1387.986253,1.204104574
0.116186775,1223.219813,0.876239499
0.236429523,1066.165558,0.853125436
0.068267777,173.6327185,1.881483978
0.144957083,2018.394068,0.948075623
0.124418151,1385.411381,1.940701042
0.219200807,920.2618849,1.753150589
0.14220215,853.4314884,1.41146764
0.127259851,1389.092973,1.143920896
0.24875269,1252.968134,1.129799874
0.202755024,1736.095329,0.77732113
0.105424052,932.1742103,1.072178188
0.2670818,1153.122659,1.605659884
0.160279133,1010.106473,1.331315619
0.054383909,1762.20995,1.390686302
0.218419232,2194.97001,0.926227481
0.125016546,1582.113291,1.491860453
0.045181491,603.3136306,1.861834614
0.197030846,1924.98345,2.031291228
0.214068876,1152.53943,0.993834391
0.259492402,1251.67077,1.341553637
0.204493755,1384.915103,0.784127819
0.171870572,1293.463652,1.101797154
0.07860681,1215.270205,1.466286364
0.153201373,1752.799478,2.133923854
0.032573522,626.5499397,1.094930365
0.268320234,442.0472215,1.456610654
0.220231299,1442.444515,1.434585215
0.170411547,1339.976565,0.980245012
0.203520427,810.488504,1.691789511
0.278711103,1013.249075,1.658178166
0.13807798,493.4987456,2.022366654
0.246768108,1425.632028,0.958395785
0.060692898,1356.464716,1.424085246
0.187044872,1285.764501,1.350427765
0.222900623,654.4038928,1.733272948
0.224144214,1407.631186,0.952965862
0.237509781,668.3831419,1.407943955
0.269322444,1460.278599,1.506075441
0.087435277,944.8642638,1.30228817
0.232773443,357.4269704,1.55418379
0.111767989,788.9257547,0.751079777
0.200300167,1033.902612,1.434920056
0.21276839,951.5559416,1.352218342
0.157477379,667.1667077,1.013432214
0.165969622,372.9622262,0.994365064
0.166616308,2148.065875,1.665988107
0.194414333,1255.798024,0.839274643
0.154154059,820.8562444,1.323292467
0.224926975,882.8187054,0.958911734
0.194735402,712.3587617,1.970582406
0.039316899,1926.464643,0.896635081
0.225759241,1024.757696,0.977141534
0.240498107,528.6491652,2.006735187
0.152984189,917.6006998,1.792912693
0.201136791,1965.545907,1.764122767
0.166305953,1096.043885,1.716912405
0.1691967,908.1989332,1.616287947
0.274947835,1296.770881,1.473199261
0.134026418,1099.891158,1.050213955
0.144868257,1634.231728,2.030112047
0.158938518,1273.806041,1.019944139
0.091729435,1683.374245,0.990704037
0.118358703,2067.79094,1.20286061
0.239811941,1659.384546,1.906931298
0.139185966,546.7079607,1.785864218
0.23299083,2017.096865,1.363278591
0.140195967,242.6056074,2.081139492
0.185380169,876.7108871,1.473125225
0.087160476,1075.656295,0.971065044
0.123852779,795.1889414,1.7195812
0.153446901,1257.297354,0.88483675
0.082870221,1199.381016,1.996665887
0.131250517,408.307127,1.454440875
0.219119304,1311.051582,1.632238931
0.196997523,1340.88737,1.181486534
0.129727175,1623.824671,1.782531054
0.12258325,551.6219031,1.904704905
0.095625486,1371.606725,1.029101188
0.185230658,1466.871904,1.189269223
0.20424266,1351.994281,1.9360344
0.065459109,1330.931889,2.008783132
0.290028826,1570.595532,0.871545392
0.105861288,1282.704433,1.417168931
0.104691912,1031.661009,1.31807195
0.243780143,1817.435964,1.404586534
0.180687332,1229.043979,0.817257885
0.24937417,776.5991648,1.622160459
0.17552676,458.2694324,1.471474633
0.262593726,1389.287071,1.50021826
0.089074697,671.7366553,1.655056067
0.117375766,252.3537166,1.302814357
0.207900984,824.0595273,2.005305449
0.024332302,1061.556918,1.175362963
0.133338637,1173.84803,1.944145609
0.084585704,526.6888844,1.59263502
0.216004741,1130.340286,2.078198347
0.177767406,135.0262178,0.809402903
0.075743744,1823.540886,2.090021113
0.126888136,467.5276242,1.624462978
0.131635509,997.288756,1.783639904
0.027572697,1177.50086,1.161496752
0.285432123,1661.205827,1.937285382
0.204835818,1503.451805,1.250698463
0.277584569,631.8608801,1.614489781
0.182272724,1160.157628,1.363404106
0.138852487,1634.825332,1.559828023
0.117544341,385.4170835,1.100319164
0.283597268,1973.067843,1.554788287
0.291506605,2132.401885,1.928054164
0.052221659,1822.521357,0.870394139
0.171386048,1076.42807,1.896042921
0.148538903,1971.646579,1.284746335
0.148409591,297.9717878,1.705528175
0.199829133,1665.234622,1.641769394
0.187030645,699.8556997,1.831583628
0.1858083,1673.028106,0.964829796
0.212144703,1082.41822,1.309181743
0.191743241,1165.237736,1.872262892
0.059812343,532.7230985,1.95870417
0.100313441,1131.783033,0.767099786
0.284570076,748.4030492,1.165513409
0.091197675,708.2025757,1.737173446
0.19528845,787.3085541,1.850313448
0.053220035,1204.974972,0.845631397
0.032610871,735.6813556,1.387885661
0.227527439,1743.417553,1.714264696
0.201491604,1125.876528,1.202184957
0.244422669,847.0009486,1.788633398
0.054873817,930.5604168,1.143472833
0.194355611,1141.687326,1.820971438
0.19944806,1441.361058,1.735904574
0.060373166,1914.6306,1.049044851
0.21836582,795.4587943,1.469652674
0.099964193,648.8407917,1.25951947
0.193476435,906.4479208,1.233989896
0.096904231,1776.167157,0.938509469
0.20606896,112.0247698,1.824957822
0.101188264,884.4911315,1.510084649
0.094280329,1277.068419,2.13979312
0.096022872,1329.761721,1.858499167
0.186137895,470.6051577,1.753619719
0.255206694,1196.319084,1.246651445
0.23632713,652.7596535,1.513986485
0.067978168,885.3762647,1.558462745
0.060407404,324.4576628,1.165554754
0.176844909,1901.33636,1.681069195
0.24769561,872.0837313,1.230156279
0.08634455,1039.525655,1.7881541
0.181817726,2044.85627,0.925442908
0.077753625,1894.991537,0.779072877
0.057067548,529.8893116,1.084916087
0.105886772,1211.90702,0.798864957
0.264105242,842.0533595,2.010453991
0.170758703,1391.264385,1.44024817
0.135916896,817.5773016,2.132028063
0.083998948,647.8635075,1.691528295
0.101217437,1854.721719,1.809875002
0.227441156,1245.466365,0.741560082
0.156341941,1210.563255,1.602848017
0.094152651,1684.625982,2.037707562
0.24020751,905.5545688,1.935609187
0.152564521,534.9028348,1.191608465
0.157993424,955.7346108,1.006295125
0.130770945,1358.295491,0.746892341
0.154331489,1166.403224,1.82257213
0.202224755,835.0758665,1.154752648
0.193613593,1636.503315,0.995215455
0.141638677,1560.556717,1.246294638
0.174876577,1430.316262,1.375017526
0.09310355,754.1604472,1.112273631
0.168014058,1005.935678,0.837227295
0.21305976,1631.482574,1.74896971
0.273098084,1073.571905,1.162475958
0.128270301,758.2488789,1.212576282
0.221905469,1170.041125,1.40765548
0.224317261,1146.76783,1.049384893
0.26738182,1875.677893,1.306971849
0.077062921,1201.049172,1.271201348
0.023369427,581.3291954,2.035554907
0.113215964,1413.791495,1.699492199
0.279875164,1527.97656,1.990441058
0.021297604,311.9714093,2.002542106
0.287708439,612.6383629,1.811017979
0.128895889,2012.738232,1.635359505
0.214224998,649.8740242,0.9586765
0.10038945,1067.172041,2.036203025
0.08148888,1455.023554,1.558923086
0.118490261,1292.79754,0.797131793
0.050570207,1057.959455,1.674692404
0.081742867,1988.425221,1.33709474
0.176096744,1626.298342,1.407132853
0.287789737,1280.453428,1.282349545
0.103650603,1608.698461,1.956421624
0.105766351,848.6692727,1.392316735
0.175840051,1427.223333,1.181209175
0.211187488,1286.859856,1.190476175
0.261318051,1174.79367,1.833768542
0.090717357,1124.618044,1.323876151
0.221275583,927.6601104,1.117417672
0.082467191,679.5869529,1.193811462
0.191149104,2026.483738,1.012948778
0.147893271,1557.873472,2.076003902
0.188302548,1456.003176,0.724556917
0.289839512,1317.61725,1.027079552
0.208382015,1817.667643,2.050988165
0.148671756,538.8173559,1.922392868
0.244877527,497.8876607,1.441623718
0.042086496,1214.681433,0.948418013
0.141457755,1683.55067,2.065015699
0.269460712,1828.539613,1.324700698
0.212742535,1515.823715,1.38626576
0.043664544,1451.028557,1.369481923
0.141243786,1821.438161,1.56432224
0.209284794,1624.857096,1.298218842
0.150585463,126.8429512,1.236009001
0.279685191,1237.580921,1.398432599
0.073879548,1015.651321,1.262615712
0.191830055,1906.300398,2.03819551
0.160954392,920.6209531,1.215321291
0.147956082,794.138034,1.350613125
0.156424626,1017.37019,1.483705484
0.160798898,1333.580319,1.683287398
0.100867612,1432.180673,1.288346369
0.185218579,625.1217295,1.190647108
0.266436144,1042.845404,1.945943551
0.158857198,1132.716494,1.582061492
0.234140312,936.7647524,1.835708919
0.101542529,198.5769701,1.277305265
0.251074872,1137.907294,0.778574253
0.130381612,830.3685944,1.587985321
0.172309704,1767.904406,1.588302063
0.04821385,785.7190789,1.999602485
0.185886617,1473.267467,1.123266282
0.113655969,898.7918127,1.915777068
0.2206425,1013.954774,0.947761509
0.226252659,506.81897,1.145422929
0.107874917,1215.234411,0.734542486
0.088626978,2107.197432,1.535414058
0.159127349,1341.4149,0.886744689
0.212054013,1231.057258,1.802777094
0.085635423,486.1007044,1.584361804
0.217223276,1179.475662,1.172376758
0.159090344,907.712804,0.968930914
0.268036493,978.4220041,1.392484265
0.137003096,1062.162894,0.94056121
0.071395485,2099.142773,1.906694483
0.105550237,893.3763237,1.310580042
0.176014598,195.6330983,1.498763812
0.164779417,1141.633948,1.792669549
0.104711772,995.4394425,1.64126824
0.243114511,2109.908551,1.487716934
0.1467067,1218.811371,0.892801698
0.238067036,901.1748403,1.713683737
0.178255004,919.1077772,1.023351052
0.198761503,1047.766123,1.736860582
0.296770613,1221.238396,1.394731227
0.173744546,1998.302577,1.086661846
0.198869678,1216.392453,0.838316401
0.049268826,1479.976562,1.985608943
0.083188306,1640.621315,1.774149921
0.049599479,758.8559466,2.093905496
0.184472661,1627.591089,1.230898264
0.09285563,1412.808659,1.857170143
0.234886269,1126.459527,0.752258173
0.261326498,618.3593112,1.818536002
0.137944977,366.9264858,2.06988859
0.069984355,1065.697827,1.250500475
0.29672006,997.9475689,1.520228782
0.13092368,1660.921559,1.480397931
0.040034134,1525.821421,1.027286075
0.181371655,1394.786746,1.823447238
0.199285298,971.4020591,1.619481779
0.07634295,2103.997423,2.033808782
0.165538085,981.3629077,0.723194311
0.243499045,1109.67292,1.554009468
0.195654553,548.5762882,1.723087458
0.112980889,894.8670648,1.545036361
0.137299403,1176.109951,0.789617114
0.140964729,1216.707746,1.415027057
0.249665027,1095.62065,0.802241729
0.221878797,1475.919396,2.1229181
0.247286498,1860.824788,0.867334557
0.135495094,460.8446922,0.860377313
0.150839175,1085.837342,1.602587541
0.207774505,2036.883534,1.162666094
0.225902278,1487.906516,2.044105214
0.120667885,234.1941893,1.486403099
0.262769391,1552.848939,1.859191659
0.028367693,1306.903472,1.317361339
0.276585919,918.9686917,1.061382963
0.114131941,1378.722936,0.996587392
0.103301384,1721.252271,1.677184601
0.13938524,1382.299607,0.721414496
0.098075043,2192.316649,1.151888402
0.189512038,1900.395728,1.621123279
0.057294357,1580.847268,1.687797171
0.076472437,246.0589546,1.995163327
0.149433856,892.1176091,1.622036989
0.085351836,1924.93777,1.124100676
0.031175595,1738.715385,0.797981848
0.199849343,1320.900227,0.796569373
0.096654808,245.883629,1.39821773
0.190753098,265.421114,1.962835084
0.050437529,1393.143488,1.132949636
0.174188287,287.3099005,2.004902515
0.258556252,1966.919064,1.708963933
0.07933514,1124.875281,0.92884979
0.247557894,676.1677341,1.317084719
0.134213224,1013.599264,1.215898417
0.11605916,1073.544139,1.587753386
0.0806967,702.8525353,0.911525752
0.083077423,2182.896434,1.424913558
0.229674051,1185.094715,1.952698814
0.182426182,705.8740097,1.032466569
0.222309069,1452.966359,1.127478773
0.140231622,900.550788,0.970564574
0.111265383,1858.700827,1.366368173
0.228125409,1549.338365,1.125010379
0.077524049,1385.68779,1.133810471
0.255279109,1060.753992,1.574593425
0.211043008,1292.697407,1.057522726
0.26742017,918.395228,2.034165568
0.152421307,1724.54734,1.42473616
0.141754809,303.4960264,1.800926706
0.047106207,1329.072931,1.931095397
0.092027668,836.241195,0.783181515
0.238961175,1793.306314,0.722795243
0.243751744,1483.186447,1.790881689
0.158158598,206.736972,1.581385544
0.123694546,1277.781253,0.758599846
0.256331924,1427.54757,1.294357608
0.106296859,1071.817216,1.265839611
0.147796964,1169.899464,1.034740586
0.092295992,1556.693915,0.939293296
0.024632423,1938.523289,1.529991295
0.213888037,1440.549067,1.877644719
0.141895492,1770.451707,1.87902401
0.267767818,1584.543108,1.832986142
0.206199631,1071.012721,2.136138605
0.217176877,821.1313602,1.868006596
0.093252197,1420.317591,0.909084851
0.123469062,819.9403374,1.547782734
0.151679606,832.6338099,2.082400673
0.147116201,1252.159217,1.082514032
0.108592808,796.9361887,2.136744459
0.117154976,1233.421347,1.079351957
0.075507215,1754.016952,1.418313516
0.068503922,1454.057215,1.220096058
0.184352569,895.5779133,1.372093461
0.197677041,1719.376269,1.346056484
0.259476039,1496.635664,1.218065842
0.136754304,1475.620267,0.833978672
0.134656611,821.7998329,1.005275465
0.097700956,1473.157589,1.201485284
0.104103261,927.7596618,1.768524297
0.143153956,1470.05841,1.079444555
0.112938198,1575.916233,1.042679234
0.172739554,1434.958996,1.872334186
0.095545024,1290.14285,1.439383325
0.20289759,954.3371576,1.748005859
0.160519668,1998.760485,1.472939267
0.235164633,1539.477139,1.542874373
0.256788969,642.1742478,1.310921351
0.261323555,1182.226126,0.758278542
0.160798967,737.3587957,1.487825847
0.186233435,2043.401248,0.908404036
0.122057648,1203.710604,1.927744916
0.12131,1003.090507,1.916826085
0.141067891,1299.372213,1.232094753
0.206850195,1128.421975,1.67811925
0.208757315,1010.783327,1.55852756
0.117846985,1769.858618,1.529457732
0.243446663,623.4600056,2.141558726
0.149147205,790.980494,2.071088002
0.136081389,277.557066,1.758662212
0.152362544,626.8932793,1.163771229
0.147656988,371.499862,1.145158424
0.149738486,1343.163177,1.688808536
0.195058917,1664.203684,1.354733247
0.192656915,935.7761419,0.782918149
0.229389984,750.0316467,0.723798479
0.260133658,1288.009241,1.69792347
0.230791626,499.3493598,1.334980729
0.208642527,838.0721163,2.055745341
0.197079891,622.2074364,1.20019348
0.131602192,1724.150754,1.064539606
0.096019276,2041.548369,1.06192795
0.126021551,2010.752653,1.350982046
0.201633616,810.559765,0.726018798
0.17978098,1687.523494,1.704254862
0.137043583,1434.874072,1.160047271
0.14103226,1090.368219,1.561878404
0.064259197,1659.269647,1.759099513
0.12771293,1322.785288,2.075091348
0.232926325,1069.924136,1.814673348
0.138021138,908.8086863,1.070630957
0.038090986,585.3781976,1.658764444
0.12054212,1835.356958,2.051536286
0.079454035,1017.006355,1.963338209
0.116705732,1369.024368,1.406058635
0.049399382,868.0544006,1.877242838
0.250389917,1820.300723,1.561649021
0.129560155,1134.809344,1.014470645
0.133238118,1082.344684,1.761180327
0.242558799,953.6555701,0.766889316
0.208597135,1830.199417,2.050912356
0.070874981,1791.359048,0.747868072
0.268143759,1034.980061,1.235514747
0.202878372,1939.783333,1.645291225
0.056637359,2050.393055,0.993255051
0.108554972,733.8326425,1.698554935
0.248616964,964.3897918,1.021860823
0.132252211,1417.950598,1.5215548
0.217312636,920.3990355,1.484529615
0.118754271,1208.359317,1.74646995
0.065477724,1595.365237,1.536080643
0.210276404,1917.620469,1.839836636
0.217616001,733.2121385,1.237517955
0.245896452,692.1281521,1.197136078
0.207550548,1904.103125,1.644457614
0.155364463,1044.359841,1.079569296
0.296757551,1617.530757,1.196084209
0.247632077,1653.614777,1.778863515
0.198659616,976.4929526,0.963724435
0.236464086,2023.574328,1.252480822
0.222688534,1706.15151,1.11232101
0.144442055,1443.563701,1.73208222
0.207195127,1606.010813,1.599406623
0.15554966,1117.552741,1.994675945
0.219827041,1240.421796,0.901472834
0.077635511,1424.607935,1.1830827
0.128242403,1140.951724,1.585306253
0.161451756,683.7600954,1.247829009
0.158508245,370.4638254,1.586701354
0.184265443,1173.654151,1.649459558
0.130791716,1036.404389,1.679365657
0.119446774,1821.275489,1.318663586
0.154836938,330.7797244,1.382187456
0.221221748,1931.942781,1.464193536
0.175985033,1000.726539,1.308450025
0.137703394,1711.022307,1.138460681
0.087630185,1504.491181,0.92571121
0.176423008,1922.386296,1.530732688
0.200808977,1337.049147,1.421430989
0.170346786,654.8050035,1.151690697
0.208261622,1253.770505,1.21154758
0.291177682,1660.499934,1.219773483
0.193059035,549.1847393,1.054089532
0.106258725,776.2505609,1.546236525
0.216186816,1674.582482,1.813971675
0.294651035,2132.357128,1.83937561
0.269024015,2067.438898,1.434188187
0.223516774,1101.022522,1.398451264
0.090278268,943.9820524,1.799244912
0.185568051,1214.632798,0.80134302
0.166581463,1341.999183,2.104419905
0.205618435,724.3837906,1.755459479
0.139837839,230.3532147,1.693099309
0.228929219,863.2042468,1.462773547
0.129043772,428.1396152,1.852581835
0.19151715,1674.383744,1.779627707
0.125171157,1259.499246,0.90214088
0.159947881,529.6787747,1.666972048
0.068453289,699.3401398,1.583341605
0.08323541,1377.276923,1.195919887
0.03716083,964.8460501,1.955905481
0.123070038,1402.316534,0.849706722
0.234464117,1150.002838,1.616276327
0.129538346,130.526218,1.8855548
0.186234883,1140.718175,1.170198868
0.222682866,629.0346755,1.319627139
0.15925483,1185.193978,1.331726015
0.034498522,1629.098529,1.225088459
0.265838237,421.5698155,2.059346353
0.108528701,1413.240241,1.984778826
0.19784179,1616.42865,1.977017268
0.161291438,882.5026619,1.512004875
0.16397124,1240.02524,1.849305258
0.140801435,1416.456714,1.152722868
0.242882897,603.1550484,1.84419752
0.112253119,1769.251588,1.97630884
0.090231872,1127.868197,1.3607634
0.197160609,1318.188097,1.126705242
0.12020911,854.1844177,1.149353583
0.088562804,1556.456194,0.875273911
0.179474615,985.2766154,1.925680182
0.099414549,1438.349391,0.81387532
0.29540623,739.1686503,1.333459802
0.172639929,1675.994092,0.734793958
0.167629894,546.7659612,1.513477081
0.136969646,1297.548668,1.364556238
0.070469841,625.8385007,0.851320716
0.204656568,116.7986186,1.456116687
0.110303023,946.7887465,1.406357209
0.08721581,2171.000966,0.985534305
0.260577913,580.1953878,1.373099641
0.187364988,788.2489127,1.622243764
0.129775369,127.6927678,1.701821923
0.209721892,1521.586425,1.18695468
0.249564806,1457.260807,0.811195621
0.193717751,742.8543547,2.069181335
0.222484151,988.4816821,2.004341869
0.193182327,2076.094814,1.705384161
0.20233622,1384.232882,1.084958714
0.215692469,349.6241048,0.944155375
0.05772035,1370.66851,1.224921697
0.168656484,1024.997364,0.801069038
0.179132176,1085.6686,1.505267238
0.100038792,1511.21869,2.050382539
0.175430438,1202.765536,1.545454309
0.066589458,1041.018672,1.525032811
0.08298378,1170.594214,1.184264371
0.224272427,780.6181054,1.152797969
0.249692666,286.2753419,0.756064669
0.219310611,884.4481374,1.219679975
0.070562434,1049.820047,1.62447955
0.266608377,871.4384351,1.566790941
0.286823424,1606.965562,1.283802589
0.14845942,462.6370859,1.707467516
0.107972422,508.6423176,1.622647166
0.085302522,1043.433891,1.834792026
0.213196071,1083.660852,1.683414732
0.029669402,920.6901209,1.328294123
0.189817495,606.4254821,1.629331961
0.234793053,1429.717645,1.229691934
0.206482405,584.0816518,0.99906563
0.165709231,893.9770073,0.977686939
0.127390937,357.6152445,1.901297659
0.132123575,1915.734695,1.108331317
0.034463296,632.8770498,1.131831736
0.186009473,2196.45265,1.753101094
0.231653743,421.3467214,1.545511959
0.244993568,1358.498193,0.889263583
0.08042835,1317.979042,1.486641611
0.12546422,926.5680554,1.478001104
0.28066797,818.2208892,0.755002763
0.179215212,1984.882597,2.139269187
0.171256321,1353.469744,1.208195347
0.05054084,1868.422925,1.227227209
0.236584112,1672.063017,1.963689879
0.20334934,585.4077451,1.706702312
0.067843964,1796.779951,1.892433744
0.133232138,1270.891791,1.697975306
0.214392793,826.6182377,1.258304389
0.176425793,610.5979019,0.861485256
0.020645537,528.3744019,1.038354036
0.258722827,1707.917035,1.953923175
0.039272899,495.5019494,1.336186276
0.077894065,776.1945612,1.00558474
0.152454221,1681.81793,1.12568907
0.2289955,2179.585471,1.603792234
0.240211091,1434.077615,1.264644479
0.250059984,1161.126013,1.676167281
0.143045821,1231.810911,1.213140868
0.244259504,1209.649311,1.171769348
0.119837264,1835.493437,1.228889997
0.108563264,1041.110811,2.122720141
0.263963486,368.4623251,2.072570669
0.232181067,965.0288261,1.11495413
0.224249104,1037.579349,1.035932384
0.194890378,1548.508153,1.522915264
0.260200707,390.9969612,1.816229236
0.16159999,962.9504689,1.126223484
0.162096795,936.0887006,1.079358031
0.173701841,1053.87447,1.946222702
0.218144244,792.002259,0.865249513
0.259885461,1470.250627,1.983159908
0.117314454,1484.014385,1.03390655
0.136427409,1861.087057,1.680559306
0.052583998,1074.177508,1.638418553
0.156820833,1392.42299,0.844605766
0.098770398,928.5403233,1.013640816
0.118103944,1799.707024,1.6808752
0.074848981,867.240409,0.942163225
0.134824498,939.9000852,1.267841981
0.206745926,311.1499631,1.246406283
0.171205139,812.183037,1.889529759
0.096191761,763.4420823,1.410363852
0.085325949,1352.466277,1.046720482
0.224887834,1618.946024,1.793261665
0.130399645,1040.495744,0.801190054
0.083322921,208.6874312,1.010455249
0.245185531,863.1834487,0.742248214
0.153855249,1547.163014,1.7157891
0.080706822,980.3486665,1.888905825
0.054366934,1937.32968,1.117815206
0.204648805,1427.530336,1.108071591
0.231208701,1162.852292,1.666213542
0.190543832,1840.071954,1.240423462
0.224606506,854.5196639,2.00369212
0.164779212,279.5859808,0.755266989
0.188537951,1229.290665,2.014893662
0.256044808,1628.847265,1.866310643
0.25957135,934.5774185,2.062809038
0.05896283,673.2765271,1.245885738
0.171972527,199.2309357,1.568769386
0.184353079,1849.869378,1.359377781
0.115848073,850.9268377,0.790113616
0.232666009,355.4611062,0.749527929
0.105743541,1792.952824,1.352654324
0.161026867,1884.774422,1.949663041
0.082742943,1337.769069,1.690425922
0.233053062,480.2808496,1.570053071
0.15487139,238.7586588,1.34602222
0.072853334,1727.174563,1.047983437
0.296801265,1019.462652,1.124122089
0.153338571,425.8896737,1.979306695
0.20814027,1359.640139,0.915799842
0.10794437,1133.888227,1.746942719
0.101109813,810.7498931,1.36842837
0.149796026,1182.745691,1.383703809
0.179765989,1020.143022,1.177426616
0.23439821,374.1909863,1.373374029
0.189199944,738.719735,1.494897694
0.176164296,1109.831655,1.970837173
0.116226812,1456.647168,1.132782279
0.204695341,1828.887135,1.213963752
0.142624657,963.7021505,1.609834769
0.114590125,782.9390222,1.100173744
0.140669942,1517.106569,1.7658769
0.07928958,620.7018161,1.656514931
0.136727292,581.9439429,0.82788682
0.117969698,257.0437151,0.88721349
0.216595827,358.9176377,1.738982257
0.067773934,967.7993916,2.137959944
0.106003382,1356.464656,0.855578769
0.248067587,1732.243929,1.685689205
0.248061241,916.8582016,0.716521803
0.190917105,1820.438005,0.917356802
0.177799892,1313.051196,1.212897063
0.192575788,1312.982353,2.095857145
0.082554631,1146.399492,0.996584673
0.036396977,1768.922227,0.804858214
0.167218784,1497.158551,1.293495159
0.157777875,590.9517511,1.197659679
0.160287981,1093.144813,1.713325747
0.256989911,1556.292952,1.223418833
0.200294798,798.1448471,1.133916221
0.192096449,1740.881547,2.102108255
0.14978483,1190.843197,2.023541629
0.112879435,958.7526766,1.572782459
0.107817515,1117.144299,1.326628931
0.097495593,538.4888664,2.061894851
0.198856351,416.1169097,1.621128165
0.094429371,537.8980724,1.356199618
0.09824641,1598.689624,1.262901909
0.13000006,647.5616192,1.663583226
0.154263065,1425.691387,1.467547067
0.088057377,1243.350524,2.072130045
0.165130207,1002.043019,1.127452406
0.155257038,1732.162207,1.552478934
0.031809368,961.5700048,0.779580369
0.201293858,343.1485054,1.61163123
0.128549609,970.011846,1.325230399
0.134825798,1089.606124,0.875386612
0.216018102,842.6237079,1.889844076
0.034934969,1353.468164,1.707741893
0.227700655,2051.960893,1.765686012
0.268721025,631.4135263,1.124222967
0.275423341,580.4407743,1.159128956
0.25574187,1470.593057,1.171717103
0.217908621,1990.07187,1.838845442
0.250742843,202.029625,0.870276782
0.145436806,761.5544686,1.469571601
0.124696274,473.564251,1.406964851
0.175176766,990.9370626,1.299734363
0.1442219,911.2668398,1.543166294
0.175216318,369.093583,1.641554185
0.196778381,1833.229411,0.880253958
0.145549704,1353.122116,0.937495915
0.244748369,524.0758803,2.10690114
0.111597887,1119.27829,1.500213186
0.242993137,876.484526,2.102758959
0.12678697,2113.550223,2.056823781
0.138118931,1300.798918,1.355884528
0.259954484,1096.294417,2.003148634
0.276549971,740.7182405,1.969771439
0.071265191,478.5427856,1.637794187
0.101392575,1386.498134,1.773422207
0.114294837,1008.218,1.59472898
0.109162044,207.5917108,1.448490941
0.250777121,677.23567,2.001626405
0.09262453,1091.686007,1.62277004
0.287431455,1506.791559,1.426715204
0.168899119,376.2305171,0.970577523
0.178427329,1965.677496,0.794852431
0.258197692,905.6029602,0.724862563
0.075690222,2086.900777,1.786587648
0.137277504,892.8758693,1.41216973
0.255525681,1517.009603,0.745866336
0.213348414,1285.858155,0.90630869
0.096658887,961.2634829,1.643895575
0.17415768,1602.048083,1.494907129
0.164162008,475.1857524,1.70745805
0.230105046,591.5347267,1.912128569
0.225854826,1766.325533,1.812810079
0.282553713,945.2406292,0.932318514
0.051028635,633.6070747,1.629315149
0.214871602,212.3496967,1.602909056
0.241359333,1635.442541,1.64176794
0.161759273,2103.775898,2.056905971
0.22125026,536.3425312,1.627589761
0.132193589,848.4175807,2.088759038
0.177448725,2154.080883,1.251161667
0.215735432,1657.565271,1.538372508
0.211442368,798.5137185,1.159354054
0.249630689,1712.883528,1.490547404
0.09467211,289.6460718,1.614251584
0.196582678,1257.755985,1.197987232
0.125233478,1107.43938,1.617956594
0.142152504,654.9407003,2.076386582
0.121801019,973.4675455,1.165803452
0.092799579,1895.659728,2.001102754
0.098171695,238.8781614,0.83142056
0.19930743,976.5077557,1.618912329
0.191815375,1332.559806,0.847289676
0.160505424,520.9765358,1.14065635
0.248858274,1238.577177,1.634621441
0.139844235,1000.096526,1.986589385
0.293349439,980.82032,1.256195597
0.179276776,1368.427251,1.1426114
0.145245384,283.7175184,1.816699996
0.298311488,1762.545241,0.821924512
0.229031569,958.1323214,1.914198376
0.14432053,990.800729,0.867717621
0.140929243,1113.155687,0.738995953
0.133892743,1128.978849,1.296972314
0.20621114,159.4678308,0.733782091
0.190117552,859.5577897,1.227484984
0.179366899,1813.552112,1.176222368
0.197473552,1273.257811,2.060528175
0.155435591,1631.263167,0.856876364
0.189462698,1339.749935,0.889668343
0.212026339,784.0895144,1.270357354
0.20967925,1037.766853,1.586923645
0.164750988,794.9253943,1.742902221
0.089722211,2081.505148,1.910930009
0.238951898,2085.864918,1.811140817
0.067143729,1397.404893,1.920525627
0.159754297,1389.214137,1.389547856
0.046589855,1245.120655,1.350006698
0.139177926,1685.780612,1.468150061
0.225866411,494.4442925,1.007420682
0.237243209,927.8713598,1.702202561
0.155639658,804.2431692,1.653636803
0.154293563,1860.376693,1.321347208
0.262515593,1551.917476,1.28322961
0.123212954,307.6444364,1.030399745
0.180426352,1458.028707,1.431449909
0.206850494,1241.51005,1.529102008
0.165933192,1048.267136,1.560474347
0.077475131,1674.812323,2.044752116
0.171666916,623.9403436,1.802823822
0.147970147,956.391649,1.009328558
0.240130585,992.3147436,1.840811165
0.265107461,1281.769191,1.044972756
0.02093017,956.4805956,0.990407497
0.172304666,1220.285473,1.512178188
0.158264101,530.7579124,1.034883697
0.171442015,639.0022524,1.49621381
0.172047911,302.8664322,0.98902172
0.216429855,792.9410761,1.858305447
0.098280545,981.6953579,1.152896112
0.158777858,979.0244436,1.553552762
0.159141715,1435.965226,1.330781888
0.159135266,1096.199765,1.830169651
0.153994707,507.2280839,1.721224435
0.07258084,1620.912256,1.283526136
0.128898706,885.7101755,1.33454711
0.186715732,710.6313123,1.040785491
0.191456767,1223.686699,1.491275008
0.240258706,1918.373283,2.018342302
0.203065923,2016.47147,0.898231077
0.27168567,842.343279,1.591039996
0.081956401,1394.263489,2.092582179
0.264127433,736.1144237,1.603699894
0.10050014,1146.035616,1.545256037
0.104049659,1058.151895,0.909825613
0.202916427,1982.008221,1.227587987
0.263352008,620.1204363,1.915701926
0.038214344,990.6558664,1.857643213
0.183259096,973.9509978,2.131962913
0.233193743,1491.968978,1.245051903
0.171133009,1528.280581,0.807208468
0.190163839,785.0132656,1.360902468
0.088000899,1698.2904,1.375390095
0.137786165,1866.972957,1.172855959
0.080256835,867.3454204,1.927955347
0.168385083,1702.573361,2.119093394
0.188405299,713.229459,0.980379124
0.231532914,1589.105649,2.115735248
0.075664773,280.7427633,1.338738585
0.045317734,961.3921764,1.19108812
0.205220791,2189.298872,1.194493139
0.218724771,1167.099861,2.106403282
0.226062185,1660.617466,1.687451931
0.170960384,897.759405,1.846625934
0.160199353,923.2149478,2.143326359
0.133129466,1178.681854,0.882968247
0.24646128,1534.057491,0.985200195
0.174411067,1413.430409,2.02284408
0.050305048,1193.422897,1.876470425
0.288485615,1615.536633,1.690691882
0.104596744,2173.130125,2.142912931
0.216134545,1627.861136,1.746326581
0.296684209,845.0657312,1.860729839
0.097629155,1546.127124,1.283141627
0.215743457,1808.929039,1.614656802
0.250081701,1280.30878,0.985502273
0.185712237,2080.81009,1.338231928
0.159631426,1560.252179,0.926089208
0.149504695,968.1709182,1.187710932
0.246003526,1168.233976,1.25580743
0.232153885,1434.815325,0.736886269
0.070465862,352.6428866,1.16385095
0.058776711,704.3281775,0.924670542
0.173839941,837.1867705,2.025283101
0.110038286,611.4219657,1.836744027
0.187892743,2095.702685,1.715240876
0.100892216,638.5860208,1.408393971
0.173446382,1742.31733,1.163525421
0.218987027,602.3456687,1.405185533
0.192177965,990.9343197,0.997254606
0.133501535,1777.918718,1.325707672
0.115293568,249.2309113,1.996607553
0.084144143,1294.149779,1.835296303
0.154231131,1039.462457,0.869831711
0.119332937,1026.945715,1.54960311
0.088542399,1256.682563,1.24302847
0.164111419,363.708758,1.891875446
0.19530867,1363.262827,0.742431459
0.165111818,908.7578544,0.986265917
0.139621939,1567.190175,1.426563434
0.163341841,1794.654428,1.499853642
0.044980516,1662.252939,1.903147763
0.169552745,1395.025262,1.792388525
0.146037945,818.4390454,1.040195628
0.161870242,1143.054696,1.976585757
0.104528203,1150.449739,1.621063534
0.199108028,1828.343319,1.712757097
0.148174909,220.5253889,1.962993292
0.10447672,890.0175805,2.036921202
0.135161853,850.2311588,1.853004524
0.146036307,841.7821212,1.273852494
0.108069037,199.2251564,1.442983024
0.275445835,1562.497561,1.375772361
0.089611707,649.8820489,0.782644523
0.231754369,1776.135519,2.100810648
0.17863573,1216.218004,1.305273176
0.269889711,1238.633922,1.243846691
0.093440788,838.6459235,1.638223622
0.175285951,1896.091934,0.800956189
0.157354572,1057.589703,2.007905932
0.169416948,1515.707059,1.927614987
0.101090185,1214.941582,1.162075895
0.173147262,1222.909095,1.183282797
0.118928376,831.87091,0.953715806
0.165042278,606.1725838,1.933741386
0.090468073,469.2634535,1.412308675
0.258383888,803.5017662,0.817371401
0.149305449,973.1042124,0.978219796
0.157748687,683.9472613,0.848268116
0.17391882,2059.518656,1.287581049
0.29439058,1802.927976,2.122987135
0.077330367,379.0786392,1.739562667
0.281097775,1094.721724,1.20861012
0.150711908,392.2180962,1.491282211
0.030769927,1268.840234,1.675587062
0.050342665,1526.655772,1.627966385
0.217863169,1063.88142,1.115335237
0.198060617,940.5431235,1.59154784
0.118919315,581.3830194,1.708457681
0.127298994,1382.465569,1.273174549
0.116897999,1534.932011,1.177267385
0.198918633,809.5828717,1.264260018
0.093726605,1240.444909,1.410146267
0.195190556,1055.880594,0.802085951
0.141017658,1486.849411,1.089838668
0.079978915,2076.4708,1.160847748
0.099464324,959.1205222,1.126323236
0.181108644,1063.433155,1.993196524
0.088818842,1156.108284,1.121785565
0.298876023,1752.579033,1.301744255
0.183274887,1287.756177,1.798848057
0.058554915,1765.079575,1.030813168
0.286295014,1865.058464,2.019135676
0.095614821,1545.887097,1.868091627
0.227310032,1292.984265,1.447065208
0.210414731,1003.42902,1.395374186
0.130750937,1451.730717,1.615775409
0.246035876,898.8884057,1.584313544
0.19883793,1664.604102,1.235024884
0.239720799,1457.294314,0.830142401
0.21003059,2188.867694,0.998351234
0.10919636,114.9801572,1.35524549
0.16855028,1237.847315,1.506909689
0.078735572,1653.046385,1.788507678
0.169221446,1832.678127,1.321674052
0.107289363,496.6428677,1.948594987
0.185690022,977.5689936,2.060489982
0.166631056,1318.094419,1.354749567
0.12998008,1223.385736,1.290252548
0.136040529,1229.948455,1.881523247
0.03618282,1529.774895,1.448619046
0.136381244,849.425867,1.591328332
0.139955597,320.2261253,1.914624705
0.049052271,1111.854471,1.085287488
0.18550266,1339.459213,2.095752929
0.05385289,1056.09358,1.428991954
0.133749084,1721.210434,1.202131812
0.148132621,1058.568487,1.404907169
0.283158714,871.3328946,1.512372117
0.117609807,230.2649427,0.931185081
0.049442423,1067.092111,1.681880037
0.254562683,1027.157062,1.126320612
0.141688518,1838.234385,1.736486167
0.074363431,346.157555,1.396747092
0.234008184,1308.263461,0.9190906
0.222620652,1348.506548,1.087596441
0.148237269,1422.854203,1.019780535
0.187377202,1335.741703,1.688515432
0.218390828,885.8402024,0.92740419
0.201144524,1713.54309,1.973724014
0.282662636,1773.606437,1.649497976
0.168747408,1747.403632,1.067421359
0.134249182,752.5017138,1.066114335
0.137663021,1794.487941,1.478352456
0.122565097,1098.550012,1.819796949
0.196967476,435.9798306,1.607553616
0.032659266,283.8368595,1.936171737
0.123032988,811.6048717,1.004502337
0.12526125,595.8855064,1.332190572
0.214843508,1350.414077,1.961742263
0.058831281,1548.90398,0.721925971
0.160516872,962.2858579,1.935827346
0.190429858,593.9153836,1.365588372
0.148399175,793.429303,1.682397181
0.120281967,1440.236366,1.792634139
0.159086553,1177.196648,1.209370693
0.263270929,707.674421,1.441893559
0.144826898,1275.459802,0.965975741
0.167603301,1243.852989,2.054497331
0.11207607,1170.350662,2.07800672
0.202063361,1867.308124,1.754188442
0.071974687,1609.063212,1.055830998
0.144700496,1473.625125,1.165291184
0.087821755,545.1301714,1.606303439
0.076735635,1789.465409,0.943347243
0.031684889,791.9350061,1.44665273
0.218962409,1347.331419,1.975874995
0.134778001,1144.266757,1.041962116
0.207340571,1112.628271,1.242097819
0.071018652,545.1423447,1.946359717
0.164375982,1660.79798,1.825892112
0.182392498,842.4418413,2.078842081
0.097430608,1830.457317,1.432299515
0.250390765,975.3877916,0.765097425
0.117895535,1547.913898,1.045948379
0.098811461,1462.40579,0.752307478
0.121775721,409.655235,1.166471047
0.22913437,1441.386494,1.837551962
0.10851488,1254.977724,1.579946668
0.080342679,903.2074566,1.469343344
0.154523357,432.5780004,1.550167771
0.185344264,873.4843579,1.715059551
0.1342286,877.6654244,1.897029062
0.286011287,900.2350897,1.039245219
0.257399137,1134.3587,0.75174875
0.099907857,943.0095259,0.813069386
0.288997717,1180.46571,1.737378594
0.18133467,1538.224834,2.064924461
0.124860374,155.9559191,1.059089131
0.14680013,1870.698532,0.909847077
0.129883002,243.1786236,1.276258915
0.197411581,869.3294208,1.123249132
0.043328995,1593.989721,1.443130564
0.232608233,305.7658146,1.806951182
0.18129941,668.1218762,1.323738403
0.157167066,912.7602585,1.797973144
0.08924513,996.9925415,1.910014685
0.225869318,864.8885187,1.698405796
0.199120615,784.9246208,0.987234961
0.201070526,1603.424082,1.94645761
0.084396168,1416.169941,1.589390523
0.154231144,1705.996644,1.766904116
0.220692541,546.7328736,1.60450512
0.02946621,816.5388221,1.55042352
0.216090472,1648.277436,1.341636888
0.175400053,1153.235203,0.853137661
0.244816152,358.8887883,2.018320505
0.195160809,637.5734198,0.870805033
0.181584314,948.1517951,2.004090066
0.279998939,980.2449793,1.07070563
0.25577562,1802.98106,1.561021014
0.140024319,1224.052001,1.943419322
0.228641924,1322.84924,1.100803781
0.10885932,1361.543323,1.965919134
0.123901275,1119.331146,1.298598575
0.100335692,948.1490111,0.901779024
0.096720421,946.6500669,1.95641193
0.216996113,1469.623291,1.59611983
0.053108103,1291.287062,1.786951461
0.200390034,1073.547759,1.715800723
0.171170107,535.027465,1.960777726
0.075625765,1016.505693,2.137668082
0.133365389,1684.888899,1.419191035
0.100379925,1335.269793,2.032054515
0.055622934,1052.690772,1.448655863
0.172038756,1389.909509,1.651088718
0.217400116,2113.699256,1.359833974
0.181046393,482.6301587,2.126293936
0.21067891,1639.6105,1.764612634
0.205542186,1324.77671,1.680206863
0.137672151,478.7617219,1.031385975
0.191680647,251.2390053,2.128021836
0.162848897,1087.199182,0.830316292
0.205833106,901.2823916,1.130274239
0.20872334,1151.235642,1.486531928
0.094899108,1176.283657,0.890573621
0.195369757,1405.344684,0.925484837
0.16849131,1775.900239,1.341206812
0.183382888,1119.935642,2.082470557
0.084862714,1506.863038,0.720441588
0.167186358,1291.818723,1.22318519
0.232992349,1693.837408,1.458126308
0.208307978,1174.578632,1.472337072
0.17419879,1656.592555,1.440936168
0.167088784,936.2714732,1.918462664
0.109841868,1378.951838,2.114060255
0.290909087,1978.655119,1.683931141
0.173047777,523.1411319,2.112847502
0.196551744,1693.54745,2.030413575
0.194457609,695.7114165,1.604510613
0.04699185,1629.308491,1.785427658
0.075175467,506.9153198,1.026551783
0.268165021,579.508509,1.274697796
0.125245511,1535.073541,1.280005512
0.232327175,472.3695226,1.232159029
0.173102573,738.0609807,1.76585702
0.255803312,605.6073878,1.293514828
0.161159679,1928.505664,0.850621516
0.190593512,861.2047633,0.816475991
0.080116093,872.9182413,1.676781715
0.133768866,1167.595225,0.977852331
0.15897912,959.4203867,1.483923128
0.136984601,1031.577236,1.942282581
0.07611902,1670.7155,1.919682555
0.259717511,894.5741291,1.485803115
0.069942229,1227.015346,1.610824673
0.25544467,1373.080749,2.129444582
0.228354627,490.6273602,1.711761017
0.272257461,349.2651826,1.667433817
0.099111736,1053.842938,1.827294442
0.153830468,1084.980327,0.9964308
0.098055509,1139.239958,1.117058197
0.106921252,739.6576548,1.987174685
0.276838453,953.9734225,1.109862784
0.212750916,617.5384169,1.789820208
0.270598202,1763.078299,1.742090862
0.24882679,291.6213184,1.337700894
0.262204933,676.9792837,1.948569756
0.067205428,1085.641177,1.842903545
0.171215178,1165.597979,2.075252874
0.11871705,1259.538336,1.569590226
0.077107028,793.0635936,1.356607672
0.289116521,2077.235482,1.104104606
0.033397322,1188.888867,1.238300465
0.20647677,202.4094127,1.931760898
0.249817081,824.5818562,1.546516308
0.084527989,728.2394652,1.355564392
0.115577828,1074.358568,1.919045865
0.138171207,2054.270176,1.874626906
0.075213921,2078.936855,1.500362662
0.050107531,1857.730736,2.066022425
0.140142831,1187.993391,1.846073102
0.093957176,1751.405221,0.928058019
0.215550819,1055.503209,1.851375542
0.120048572,1840.986763,1.864426059
0.185269927,1068.937902,2.099092034
0.126440294,605.2352135,1.562001168
0.186055895,909.4229792,2.096268486
0.140464996,281.8968202,1.176092685
0.078639836,1651.806273,0.741233799
0.265976421,1087.254347,1.519894252
0.185024944,964.5548954,1.839989005
0.037145783,1436.049893,1.217351579
0.185476309,1702.731171,1.309606242
0.145351667,954.0439962,1.805272994
0.156718801,1411.743212,1.502301797
0.184919007,2098.595686,1.380256468
0.080135284,1299.748406,0.756380372
0.211098296,639.4689542,0.879056269
0.113299174,1452.197469,1.971768509
0.131862892,2095.61853,1.350952287
0.076973359,1119.222089,1.788449488
0.157875322,1292.04928,1.079389395
0.159794902,159.9760738,1.290478053
0.130182844,371.9273157,1.026767632
0.279032814,916.5008534,1.709179028
0.159120937,1465.75891,2.100236702
0.210227651,1046.659161,2.074301887
0.148256286,674.1819751,1.389465454
0.207231736,1075.00393,1.698005908
0.276128247,1480.679884,1.336635289
0.199966086,428.7708906,1.333360781
0.055149255,1716.31941,1.899164388
0.046338416,951.6698628,1.127572435
0.203637738,713.7514271,2.002646681
0.03792968,796.3911319,1.20451984
0.297621406,770.7034589,1.589026206
0.023054527,414.8671981,1.359813392
0.153954415,1277.783055,1.555493315
0.177248067,1892.263224,1.66535089
0.189414288,874.5109808,0.982653211
0.135350253,908.8962719,1.338015316
0.14494428,1804.338348,0.86552676
0.218261759,1805.75699,1.227668736
0.270741423,1448.122534,1.912917712
0.16571644,1214.224848,1.327581249
0.187010428,566.9320747,1.509189969
0.085408653,693.5138756,2.073345125
0.287734248,1359.381054,1.853623476
0.130169357,1944.670891,0.914422558
0.051064488,1486.331914,1.814701367
0.277575541,1666.81394,1.323163392
0.155346357,361.9525263,1.854835944
0.215764363,791.7414679,1.42977147
0.177193649,1734.700085,1.57227491
0.218946302,302.2099651,1.533904556
0.067958989,1602.588883,1.564934458
0.245967547,662.7671708,2.027513526
0.169780641,1581.129856,1.767732586
0.29538768,1835.512357,0.98174905
0.21049564,1804.354756,2.072973716
0.247407766,613.7388453,2.125632483
0.169983905,1157.898083,1.188592115
0.173798019,1890.827516,1.661765136
0.054222767,951.59293,1.256107825
0.087279956,1076.161474,0.808078192
0.105578091,451.4302742,1.518652995
0.219425856,307.6797804,2.066858794
0.072958154,1325.120415,1.558580766
0.027634616,1828.451104,1.364168907
0.107265433,1125.922125,1.575413717
0.148619701,820.9193405,1.199937001
0.161901629,690.1649423,1.601362181
0.07398736,818.2822051,0.932179001
0.151348307,683.0356021,1.280291721
0.15112472,923.2622326,1.28922381
0.234251789,1635.459195,1.376836311
0.097477587,1308.899179,1.604848018
0.138429202,1858.894008,1.700648106
0.243457132,1923.908152,1.906487415
0.299886839,1310.906672,1.494739797
0.170480174,687.7593975,1.81411941
0.026816058,2105.726663,1.254253156
0.224452487,2087.766068,2.000186182
0.208784387,830.1482176,1.517919947
0.030578111,1502.776532,1.233832949
0.26628406,294.3627924,1.268929398
0.212390231,560.4108305,2.076158198
0.085529909,1381.204851,1.64416199
0.033965028,1125.389904,2.11471145
0.097704742,834.5845504,1.149054587
0.201145116,1611.473576,1.212963579
0.149492376,1087.752048,0.940947084
0.22343,1742.117298,1.073822086
0.04285531,1490.827451,1.857091561
0.035906829,455.6201598,1.456777929
0.094269197,1308.141554,1.945795825
0.229819903,852.6825612,1.248561352
0.148155518,1344.331066,1.693037783
0.054834955,1803.306479,1.715188422
0.229334627,1272.896199,1.842319847
0.139904761,1432.786433,1.744873635
0.139469057,1571.415453,2.031200891
0.258695081,1490.560567,1.430502734
0.087139847,1023.637629,1.314789929
0.256458179,1108.512515,2.000117579
0.270428806,1646.475879,1.774468743
0.049909594,571.1084087,1.422788618
0.125383431,1226.673892,0.761479572
0.100004015,1716.880679,1.229983754
0.154963489,1367.65355,1.262564621
0.164299276,1244.896601,1.09929623
0.169291766,1315.77727,1.624849948
0.07238307,1988.749304,0.854566318
0.228966277,1921.715677,0.97051438
0.190271523,1708.068312,1.069501556
0.09631154,487.2740004,1.769583206
0.06851811,774.4877576,1.841204303
0.157789985,1696.828039,1.179346786
0.069769861,1427.034999,1.869344568
0.20175676,1525.13136,1.566148664
0.186686298,1117.742535,1.514580836
0.1130929,1528.392815,1.019475784
0.121613868,636.1508068,1.3372453
0.107043209,713.9665397,0.933882537
0.107759551,1545.721189,0.839586101
0.18888756,893.5997623,1.618777946
0.196638002,646.7288333,1.350273429
0.103977858,1117.085916,1.138861612
0.175845022,402.6938989,1.242568732
0.092887788,933.4014441,1.307933858
0.272351303,1095.197887,0.959051893
0.184177936,940.0145608,1.0076093
0.088467987,1830.979529,1.107947043
0.105147233,992.7109062,0.860644294
0.255227183,1788.973242,0.989102607
0.246690559,1287.190569,1.300853344
0.204503538,1283.163474,0.922066122
0.096938381,867.4686085,0.830458312
0.231514246,999.0133083,1.367171504
0.186399717,975.6973404,1.158598746
0.22950977,1741.906927,0.728437186
0.11104669,1358.828298,2.060439877
0.281187762,900.563008,1.573078146
0.115039547,1105.266109,0.731407796
0.209517849,825.233632,1.714219229
0.149413452,716.0017647,1.141448809
0.111199416,819.4704947,1.473007008
0.192584746,1375.649485,1.122358011
0.074359144,1383.167433,1.054450396
0.15695162,1251.268605,1.136505929
0.155481838,570.0832174,1.385778644
0.113479743,268.7797135,1.060254294
0.139998246,595.9437618,1.716865674
0.112048301,1378.757893,1.81418398
0.248812039,440.4972991,2.128859605
0.072784156,914.0103865,2.133497123
0.173353229,1510.836512,1.291304383
0.253342243,844.7017301,1.366244094
0.109944243,1525.004218,1.527771642
0.091075885,811.4576857,1.047090472
0.105179916,643.0856914,0.993033898
0.218423448,1391.391057,1.295036486
0.20343542,685.6253518,1.06198395
0.154460548,391.0590974,0.745203029
0.028101598,1563.799735,1.105476394
0.250392429,1448.803862,1.478671458
0.156450029,1288.235492,1.151789843
0.174884089,1269.534702,1.803077691
0.257913031,950.7124269,0.722535476
0.066165043,667.7392466,1.558454823
0.064726907,1107.759165,1.037619093
0.173525203,1157.963536,2.016921728
0.190691589,1595.376912,1.375917407
0.063292834,730.7509085,1.261410043
0.164384704,1017.18803,1.629510143
0.133588749,1763.744329,1.31815812
0.063170743,1135.744543,1.414020951
0.298068469,926.9285245,1.993341347
0.191590609,1051.274495,1.707848269
0.033854597,1799.310332,1.250705136
0.094830085,1614.757763,1.595069925
0.092442651,1426.358551,2.003129841
0.116695713,1895.452188,1.545204146
0.060199072,1434.570691,1.398542083
0.08633165,912.1672595,1.487390648
0.274592418,1218.679262,0.939900135
0.046185942,1024.930261,0.899973131
0.042684982,1319.476598,1.243898343
0.209200134,1526.767341,1.336549574
0.18846236,537.1895631,1.717949138
0.282700067,783.3963802,1.287937251
0.051525109,1087.916284,1.251114816
0.224883591,130.5939734,0.900723777
0.205471534,1335.535735,1.349016586
0.139546397,1779.893102,1.340138505
0.275392182,1492.507051,1.8021757
0.021666784,561.9934247,2.143550752
0.132754925,1819.990037,2.069353527
0.064832972,1228.122614,0.973767255
0.094535846,2001.831777,1.173443303
0.199272518,1143.832416,1.480629453
0.193364436,539.906972,1.771166904
0.211650243,1111.5358,1.796361152
0.079312092,143.0160811,1.935287492
0.143382525,712.2240918,1.270889227
0.12483358,1070.828668,1.948115896
0.216385603,1353.386693,0.747049648
0.116033569,427.1102112,0.976189203
0.16652606,1773.373931,1.031073771
0.158732433,1291.814591,2.128474844
0.23269923,1506.193353,0.869996948
0.232966745,123.5632705,1.731479586
0.095484803,872.557978,1.311859984
0.183855856,521.6501963,1.613905284
0.255816017,1749.125534,1.484176708
0.051868663,1037.451985,1.879469389
0.159371044,1345.825733,1.466643058
0.097866481,1591.886122,1.316731739
0.14360359,1194.612784,0.973552743
0.155103999,459.4222949,1.19933154
0.111701062,1259.92345,1.155897163
0.182569466,963.6005988,1.392844245
0.206588832,1365.553182,1.028008956
0.109641524,864.7505769,1.794167005
0.172603786,1301.138537,1.387081842
0.130560027,614.8666949,1.89658606
0.073343271,1126.701134,1.265775324
0.16407778,2179.319933,1.064405404
0.116150147,2045.05938,2.0712993
0.061483279,1120.383931,0.72434263
0.256421935,667.2608764,0.721571157
0.104747808,570.8729314,1.647318948
0.114433662,1064.469261,1.202720198
0.175525058,1212.56063,1.94818565
0.154805485,1057.50951,1.385900459
0.106296242,1565.126829,1.322265512
0.265374303,1406.806314,1.021628763
0.194375484,449.051027,0.920620919
0.143449113,1932.935704,1.702698963
0.174880568,671.4194664,1.730530959
0.227971418,1443.45042,1.986023539
0.089560066,1464.4513,1.31263155
0.193445267,304.4398446,1.617041393
0.213194463,1614.057352,0.804893599
0.073580923,699.9264514,1.720072308
0.102896795,1325.515627,0.829103769
0.035980198,551.559233,1.08932741
0.256103602,1499.385288,1.980076333
0.085341324,1796.771447,0.795468955
0.197673896,1473.581077,1.686572013
0.216433919,1386.519676,0.876834535
0.070108493,807.2310006,1.809540025
0.124827139,830.461288,1.379759822
0.109431234,752.956633,1.235633272
0.260455769,1765.034827,0.905590514
0.082853108,210.6694886,2.072163766
0.16880931,1313.461317,1.658284741
0.174998881,1618.440262,1.890739459
0.021540651,1002.422297,1.869284567
0.17191167,838.1720446,1.923424309
0.120945073,1319.763324,0.832101593
0.16997553,344.5048713,0.943078176
0.181504179,1264.169698,2.138238078
0.165268063,1075.525671,1.34662316
0.141646841,753.4201091,1.602374555
0.125378208,1543.113379,1.058530763
0.149362229,1065.353665,1.208642138
0.178364676,1172.475511,1.01915296
0.181635747,1205.741776,1.672504597
0.231771924,635.4253494,1.25978467
0.183423736,1439.495423,1.095350167
0.201607475,1522.783292,0.828907183
0.191536007,1641.401215,0.909959568
0.229025187,1714.176527,1.701449886
0.058355634,2117.581282,1.650930967
0.110598522,772.0780997,1.472375271
0.227721183,1306.965977,1.088955446
0.102169804,902.2307368,2.1015309
0.04399077,1349.631494,1.382755001
0.25892286,1749.754312,1.98935918
0.19932003,820.7017291,1.938525744
0.089836315,801.6568819,0.84142839
0.091271244,2029.927759,1.211036116
0.248297834,1481.011401,2.094411223
0.2336959,1808.730797,1.697379174
0.10105831,1671.883036,1.473703285
0.196921345,1403.749893,2.052892756
0.108878182,375.5760867,1.774648686
0.1643502,1142.924625,1.620200817
0.112156373,698.5419884,1.30833566
0.12223182,978.5817557,2.040806206
0.146368389,2012.296839,2.018194435
0.094075451,299.2242306,0.997454458
0.271077361,1398.72779,1.453594122
0.230339605,1179.94528,1.188532099
0.120615635,964.8954656,1.218758686
0.217116191,858.3531355,1.435119603
0.073684904,1251.609897,1.442819876
0.174726244,1036.204849,1.796798748
0.28468071,1902.247363,1.933815859
0.154547508,871.4559589,0.88672681
0.179205127,869.2056786,1.605736258
0.123060394,844.0903393,1.104754195
0.161494607,352.8867562,1.26625546
0.088725999,1994.783192,0.961729383
0.160708396,489.0145485,1.67245824
0.132190256,1989.559692,1.4130554
0.156941858,2107.995608,2.147050037
0.162713044,1343.465139,0.972153991
0.259994014,1804.990397,1.796800471
0.154961079,1014.88701,1.69699012
0.217261136,1530.380656,0.860099546
0.298142241,419.7368739,0.813269169
0.159851308,795.7611372,1.37075499
0.217914034,1733.629504,1.352247143
0.150237455,1916.104035,1.918727336
0.22105895,1937.724528,1.009283104
0.131525998,2034.032712,1.11479239
0.158300351,1005.560262,1.037692895
0.071210844,1387.900937,1.519424345
0.248938074,951.9319673,1.943649791
0.103053606,1596.872391,1.277382195
0.142194209,618.219863,1.075403062
0.148878902,1445.889416,1.1810629
0.138193323,1157.851619,1.191254034
0.28251462,977.2088175,1.022511421
0.141436092,1507.875531,0.726934
0.063204639,1088.94262,1.52599191
0.14914829,1077.291474,0.874390327
0.16286422,1146.424743,1.538488429
0.210334791,866.6851353,1.281409226
0.192861069,677.4221287,2.009411771
0.086416363,1993.009542,1.341077898
0.26253688,992.4709933,1.608245519
0.106203058,1880.46839,2.043100519
0.135426493,1348.515622,1.292146337
0.081484312,1489.17337,2.014483864
0.222461367,812.7374357,1.810083903
0.135118974,776.1233068,0.761682742
0.251967881,926.3511712,1.365423302
0.199170245,1263.507399,1.794299162
0.075486829,1235.850467,0.812651248
0.252751285,1136.607399,1.417305921
0.156868984,350.7095865,1.071674086
0.171304261,988.3249571,1.299430789
0.094344986,1012.484099,0.953817527
0.10413066,1158.15531,1.84698914
0.050539427,674.4544903,1.251033591
0.185798575,915.4490074,1.017862173
0.152464689,1164.902771,1.281892738
0.14084589,1783.213693,0.919802695
0.188015566,1126.802283,1.447440418
0.069014854,1116.369081,1.610410568
0.197829171,1254.07714,1.882484102
0.100872952,1162.300777,1.002783785
0.268829456,328.5040156,2.137511324
0.077606197,1001.365447,0.943827266
0.107818973,1053.834143,1.00262731
0.12794795,1142.985005,1.710306498
0.176694378,1693.584036,1.171603899
0.150295441,1992.825233,1.321571737
0.274525384,1246.945016,0.739977963
0.275169809,365.0114287,1.883124962
0.196788518,363.4340799,1.279361606
0.184694725,710.7334118,1.345215718
0.236930426,502.5085591,1.726803687
0.0714617,1586.591208,1.456025542
0.291933494,1469.287043,0.781221742
0.276977462,868.3315396,1.449053929
0.077579466,1812.968513,1.462161246
0.162185984,1273.288927,2.125025007
0.232120674,514.0409919,0.966978872
0.165094943,1021.863473,1.216625241
0.13541065,812.5794392,1.992580409
0.099690363,1246.17454,1.624209734
0.208701267,1253.019808,2.047028136
0.172605821,1645.32681,1.722227652
0.179430784,976.9749019,1.553805022
0.260528859,1662.846639,1.902178419
0.104383175,1518.708102,1.798204244
0.257066778,1654.450653,0.915149239
0.12291577,1101.866435,1.621617478
0.148543878,1694.019377,1.509940852
0.113621719,792.1060577,1.362162126
0.063003347,1517.785509,1.572196952
0.162374128,2119.62744,1.41581219
0.21140075,779.9964699,1.499877794
0.291315036,778.0805675,1.430842643
0.292742138,1672.649689,1.621756345
0.195624052,1065.3043,2.060208729
0.234632444,401.0992975,0.868651408
0.194255045,1136.31057,0.976051843
0.116347896,1316.793889,1.024486065
0.172152461,753.507888,1.805236926
0.166213559,383.5201928,1.941220666
0.086472349,634.1166678,1.637374311
0.068009456,1079.753416,1.365936928
0.1932951,1136.264262,1.896717858
0.045555345,902.878618,1.888268362
0.125597916,1610.57378,1.590683021
0.102242954,207.6673274,1.317979496
0.109984536,1622.322826,1.191988297
0.278726853,581.8388732,1.8073409
0.190229609,1491.282078,0.959185329
0.203111305,389.2686046,1.660082693
0.27183001,883.280738,1.742439459
0.137839468,1431.555991,1.731003207
0.17429921,1497.131836,1.287532335
0.199043813,1430.341779,0.927212925
0.218417677,1293.94938,1.094922942
0.074882119,769.0771012,1.984358408
0.192004248,1818.822812,1.603574918
0.046249861,904.0706559,1.92261699
0.237875475,910.5546036,2.103621955
0.268210519,1222.729013,1.081504576
0.194811812,1321.663368,1.622892184
0.199999568,1849.385003,1.081265404
0.061431307,894.9946073,0.995136029
0.151084394,811.3629912,1.813506762
0.179957275,1063.023408,1.665265696
0.181294862,985.4425858,1.638984936
0.064076354,1964.321232,1.962687676
0.249785026,1100.271752,1.627217346
0.266740457,936.1318832,1.210853036
0.205988734,1271.370362,1.514733345
0.11957401,1803.438253,1.376610649
0.096461324,1404.164863,1.786438569
0.112877479,1405.653112,1.401214429
0.094493578,745.1950357,0.823199044
0.090605187,2077.173387,1.692375775
0.035264135,1518.904392,0.766692942
0.104609023,514.6174136,1.369722976
0.112333276,822.2787155,1.994897419
0.158653187,1550.352334,1.256020946
0.197117711,1271.995748,1.940302142
0.248821912,661.2298263,1.207675228
0.142009367,849.3684293,2.020306701
0.186550135,972.4618419,2.107682355
0.191729032,629.7085357,1.47721825
0.218092323,1294.96118,1.395314992
0.127205324,967.0470881,1.634173422
0.207368202,559.3905673,1.058114403
0.225666776,692.4313035,1.880117866
0.203758133,878.403,1.803615844
0.174844565,1386.829353,0.74179381
0.03375795,1989.522474,1.644568323
0.074492257,634.516274,1.485856213
0.236578318,487.9252861,1.843429425
0.13508488,1580.350703,1.293103246
0.117700335,420.0512818,1.202001118
0.198319289,665.9042893,1.789897445
0.139653241,1669.34166,0.977418891
0.081224695,1003.966081,1.126817535
0.196462948,1984.791085,1.599836948
0.123893366,1639.103699,1.585620214
0.125502619,768.6858984,1.024181879
0.179771708,1079.474046,1.808736331
0.157801418,1125.930859,1.067590181
0.101926503,1892.00284,1.691540708
0.16606389,1536.905129,1.42906785
0.08235734,305.2369039,1.739311063
0.038259916,1403.481024,1.330065393
0.209253306,1618.141602,1.204097902
0.270422705,1032.073225,2.147332761
0.127628915,879.2206463,1.970592501
0.056591552,1216.971039,0.875171577
0.22931091,1294.941351,1.192221073
0.144978284,646.0665386,1.943505106
0.119119239,627.9192108,1.209359721
0.146909761,689.2481259,1.32087081
0.081895177,1037.060847,1.261663761
0.25649041,1588.573745,1.93161979
0.070255825,774.0745213,0.975407986
0.199053589,1355.647678,1.281177428
0.210137281,381.6114397,1.404066095
0.114737434,1624.293932,1.611499983
0.177921454,1192.342247,1.621964107
0.129472585,1430.313008,1.89824772
0.083587584,953.5059085,1.696371623
0.10525144,1420.324149,1.231497163
0.277718798,1554.277408,0.745879007
0.175245499,954.7540123,0.79023243
0.148348672,2056.187185,1.307166437
0.202657541,1204.095291,1.09079131
0.20509145,1813.056408,1.099677169
0.294988872,1651.610263,1.628087958
0.174105926,1543.434272,1.824306192
0.161400259,931.4394602,0.929906103
0.128902893,266.8566694,1.882817988
0.188169875,1380.161374,0.792538184
0.117707648,770.2288521,0.944406664
0.029233009,1306.57737,2.082269502
0.238192032,659.7561994,1.026753267
0.150195006,907.8162006,1.785891979
0.170326566,389.706904,1.027171103
0.189730995,1393.316947,1.358570087
0.226896893,944.5434407,0.881257209
0.248970793,411.7355568,2.004707963
0.168950072,926.0346737,1.915819155
0.278326874,1848.663003,1.714869182
0.246999579,1038.183315,1.977338449
0.168851038,1438.910382,1.072913132
0.202779485,1513.772686,1.693617143
0.095426273,1289.597091,1.504494906
0.162273079,1325.954532,1.29450149
0.252538213,352.3226509,2.058902046
0.119462262,1105.226852,1.951121366
0.242187145,1144.460208,2.052691262
0.139785835,383.2197443,1.670119393
0.196374504,1957.403128,1.243394001
0.069471663,612.7653062,1.075701144
0.203648292,890.2719839,0.963917656
0.127527835,903.3771788,1.908336351
0.075799623,548.2392931,1.651130379
0.255533828,1630.223469,1.146327855
0.118026811,517.9343128,1.336409558
0.267467456,1127.432787,0.796029541
0.144451939,890.0872539,0.985284284
0.24184149,1211.971092,1.546293446
0.166122679,1036.396945,0.917701763
0.113753663,1305.178905,1.325922001
0.27663497,1368.878752,1.479236855
0.157247723,1024.855161,1.509100523
0.129265024,1085.176287,1.211246107
0.193215428,1585.001985,1.186485392
0.118758392,1505.374249,1.110217148
0.219707935,542.9788491,1.551481956
0.085503282,1389.826909,1.520912653
0.171855857,483.9798898,1.222394055
0.11226565,1597.250625,0.847820024
0.110757478,867.9147281,1.475328854
0.039929921,865.6019246,1.437231992
0.192325354,1369.071552,2.002242294
0.193395186,1368.9566,0.836816044
0.116902372,330.6185433,1.014586894
0.192914241,1587.365673,1.972041437
0.182241632,1171.971878,0.990230444
0.206578777,1128.371838,1.66709104
0.103945755,1203.535852,1.73714526
0.206205441,1094.724522,1.537950009
0.220787398,578.9071552,1.52010978
0.263792376,1446.751653,1.814048353
0.144615951,1554.947131,2.03415733
0.280020542,1848.097371,1.384909656
0.091180828,870.5855825,2.100543267
0.096545864,638.0476767,1.486609275
0.107788125,843.6591362,1.932372713
0.114128533,1601.915561,1.180904503
0.103344046,1113.59613,1.332694651
0.147781497,1934.630362,2.068742206
0.211914241,1171.516891,1.35346854
0.108336916,177.5860496,1.309753221
0.257507723,622.9148749,1.43176092
0.243013571,1937.941529,2.074035208
0.114018185,1628.418081,1.97774813
0.063392761,638.8185095,1.641585553
0.246933168,1901.475926,1.783922754
0.130535566,275.1484538,1.779562782
0.035525402,549.6016304,1.210010543
0.265998575,1439.110553,1.321842532
0.136850146,572.7657117,1.221442614
0.166653234,494.3602508,2.02089428
0.1367422,706.7611781,1.45334475
0.077306448,1822.653815,1.81889419
0.033401988,701.4799192,2.017308101
0.128340436,1962.152157,0.775216261
0.249232595,909.1221275,1.459285202
0.165764405,771.2614728,1.520012727
0.193784332,192.1742592,1.000247731
0.190439864,1207.922217,1.521174068
0.263752445,389.7194066,0.755995763
0.146136411,1061.997751,1.884232348
0.112669796,898.6904224,1.321517099
0.103334236,915.2036436,2.071836365
0.187228374,459.3871146,1.681898648
0.164120672,979.3596284,1.754313165
0.230697837,940.7425088,1.577374175
0.02478675,1753.722694,1.561192582
0.152762339,376.2686113,1.134229622
0.150614094,948.4877299,1.401243813
0.127090584,2092.502788,1.928079888
0.256453067,1343.610341,1.713444392
0.137693906,1334.050712,0.889923716
0.082561929,140.1118883,1.24130812
0.183429037,1545.364077,1.406927014
0.119444509,662.0752086,1.80847052
0.134009881,1520.605216,1.874089138
0.028893148,1717.140288,0.846796909
0.223560362,1476.358983,2.071770537
0.286225625,980.5826754,0.990828078
0.131717411,1102.006445,0.882606325
0.082477477,1256.504676,1.404292771
0.150448613,811.1956749,1.853240187
0.16190101,733.380674,1.507736925
0.140636304,1129.944612,1.764649207
0.231788608,400.215828,1.479559605
0.256508283,1441.193045,1.768783744
0.043706144,1260.164014,1.15311734
0.176310921,993.3941127,0.748431934
0.027716669,525.7963851,1.483082762
0.253514299,1571.646163,1.368825862
0.133034323,1064.861668,1.678250422
0.167475964,1244.440147,1.069513509
0.020651942,1365.10896,2.037075657
0.246348012,807.7685374,1.75921741
0.073182158,1278.642319,1.613123501
0.093475377,1129.371319,1.210618035
0.131315674,967.4034844,1.370373588
0.173982972,1156.652374,0.945995895
0.242676135,2063.624418,1.767858506
0.220220056,1072.836989,1.767165338
0.099306736,794.8197395,1.752361823
0.082355017,843.5259901,1.341694836
0.230488009,2171.136161,1.784474753
0.108746951,1154.349208,1.678711812
0.213236101,1595.932982,0.896284279
0.112111819,616.9920501,1.831809212
0.220473214,994.577426,1.29799931
0.104776744,323.6393384,1.702235935
0.209491891,769.3851056,1.059535025
0.179825154,1503.083631,1.768706477
0.228934702,1552.578185,1.74806206
0.100406369,767.262158,1.6428113
0.129698754,1337.950971,1.229818194
0.280453626,241.6846851,1.524590244
0.088587255,1048.4377,1.284286992
0.2377519,1309.811391,1.042245987
0.10554913,835.1370823,1.791346121
0.115356453,1392.150151,1.720651125
0.052781706,1326.048831,1.584167999
0.194773188,1866.111126,1.765356771
0.168695909,904.1015303,0.798194456
0.269041446,1503.020479,1.43996501
0.167285007,2190.644227,0.968290715
0.117989985,1236.156836,1.998180177
0.250707648,1118.635313,1.710533817
0.048568622,981.1457329,1.867866749
0.102997873,1553.072874,1.845624989
0.177347423,1818.499868,1.57321467
0.116186838,775.6643609,1.408290938
0.158816802,1088.66041,2.061514291
0.284314567,740.6463977,2.105141392
0.176450303,1061.40768,1.476025753
0.243918764,1310.825668,1.500951657
0.220025686,1688.324687,1.632373277
0.06151977,1937.85067,1.667963851
0.160559481,221.2883069,1.872169006
0.295626509,1501.862354,0.842552374
0.117224202,883.1427166,0.724291647
0.123896198,1318.559704,1.865435807
0.158183405,1652.833885,1.526170159
0.191406391,1880.310669,1.34171007
0.252803492,471.180194,1.379816497
0.114393193,938.7185926,1.902064262
0.281745129,1126.08698,1.615916128
0.172149208,1068.16478,2.104695543
0.20023295,846.2802916,1.13069313
0.267980191,1014.202548,1.834118803
0.246111238,1348.028539,1.128664832
0.157668105,1888.502192,1.947734498
0.193659361,1919.913626,1.680310409
0.2538659,949.1586906,0.904832043
0.269772308,1481.317087,1.312423824
0.200860747,1257.560414,1.022774215
0.173479093,1954.001873,1.461469957
0.21613449,1250.800841,1.892376468
0.172138349,1275.60614,0.845384153
0.28808787,1008.99833,1.237027325
0.208978432,688.6617703,0.731867076
0.151178935,1383.302907,1.445745415
0.051769853,1381.756605,0.905219263
0.101151237,1915.12295,2.05979403
0.236915353,1824.731128,1.907440534
0.218027201,918.1700996,1.850187255
0.123125735,1278.620168,1.924983297
0.113658803,1113.232566,0.947797301
0.061095068,1924.298548,1.772269569
